Estimada,Simulada,Topo,Inicial,Piso,Probabilidade,Acrescimo,Decrescimo
3.5506052997046917,5.0,21.0,8.0,6.0,0.9435579242916331,4.0,-2.0
16.00462143946969,17.0,62.0,22.0,7.0,0.03138535463863423,1.0,-1.0
2.45052012531523,4.0,21.0,13.0,7.0,0.3645057437855348,2.0,-5.0
2.2308524204169484,1.0,6.0,5.0,4.0,0.6379352135928047,1.0,-3.0
3.5592386338910273,4.0,86.0,16.0,5.0,0.12992162764979598,3.0,-4.0
13.058437727890682,14.0,82.0,27.0,1.0,0.002983395569383096,1.0,-2.0
139.5226317789603,4.0,21.0,1.0,0.0,0.4603717688783957,5.0,-4.0
3.246511696998661,5.0,53.0,37.0,10.0,0.9920407396992251,5.0,-4.0
35.636501226437275,36.0,88.0,60.0,8.0,0.5785711252125614,5.0,-5.0
19.012956024320687,19.0,77.0,12.0,8.0,0.3948085717212162,1.0,-1.0
79.56114373574898,75.0,66.0,9.0,1.0,0.3432860246185434,4.0,-1.0
75.02310941495848,76.0,97.0,51.0,3.0,0.8018777725551404,2.0,-5.0
1.73649407031108,2.0,53.0,50.0,9.0,0.8182312734352953,3.0,-4.0
3.169961233182806,4.0,44.0,12.0,7.0,0.060384806347582476,5.0,-2.0
66.55712606604536,68.0,80.0,64.0,0.0,0.5096050048176205,1.0,-3.0
24.96040493442179,26.0,98.0,17.0,3.0,0.9161266289674496,4.0,-5.0
4.051191752147152,5.0,17.0,8.0,2.0,0.17298477690176228,1.0,-2.0
6.842718709095334,5.0,18.0,4.0,1.0,0.7828856010662548,4.0,-5.0
51.46030870590995,51.0,46.0,36.0,3.0,0.07174581408521508,4.0,-1.0
66.76700212071725,67.0,90.0,80.0,2.0,0.5748872922429528,1.0,-1.0
2.3279004722235284,4.0,27.0,18.0,4.0,0.98087780981728,4.0,-3.0
5.479364371727381,7.0,59.0,42.0,2.0,0.8504249412491834,4.0,-2.0
14.65659287559646,15.0,65.0,28.0,0.0,0.029865643908264627,1.0,-2.0
255.45836125766726,235.0,98.0,12.0,0.0,0.3341624439073031,3.0,-1.0
28.397301534242125,30.0,34.0,21.0,0.0,0.2429649960714536,5.0,-1.0
52.73096295871396,54.0,92.0,42.0,1.0,0.4870523748975901,3.0,-1.0
54.906445216177225,43.0,67.0,22.0,3.0,0.45674460456055443,4.0,-4.0
41.310123546422176,21.0,67.0,62.0,8.0,0.2992015963261736,5.0,-4.0
23.43293419155588,24.0,86.0,70.0,5.0,0.24734736603975993,4.0,-5.0
10.267646767992431,11.0,47.0,37.0,5.0,0.9947865996164423,1.0,-4.0
0.9405658933103023,1.0,5.0,4.0,2.0,0.8126379463921493,2.0,-3.0
20.622218791229216,21.0,33.0,16.0,1.0,0.0454381982215899,5.0,-1.0
35.769587836623494,36.0,64.0,38.0,3.0,0.010757572048894715,1.0,-1.0
146.71106684851216,12.0,15.0,12.0,5.0,0.34014945171813493,2.0,-1.0
1.3558121585193519,2.0,6.0,3.0,1.0,0.1749564673756997,1.0,-2.0
185.6281292370518,185.0,75.0,18.0,3.0,0.7690218435360975,1.0,-2.0
25.493927620425794,26.0,84.0,67.0,10.0,0.191043364829244,1.0,-3.0
1.9433996827704219,4.0,15.0,4.0,2.0,0.5672679452455421,2.0,-5.0
4.369639640944212,7.0,57.0,55.0,4.0,0.5762839411767385,3.0,-3.0
5.1447176251819355,6.0,70.0,57.0,3.0,0.921143943073075,3.0,-3.0
4.381433567592163,6.0,99.0,78.0,5.0,0.9741189777282372,5.0,-3.0
5.33852085734294,6.0,20.0,13.0,6.0,0.8852041038786913,2.0,-4.0
16.875826087868983,18.0,98.0,65.0,7.0,0.07039140115270626,4.0,-4.0
7.434124805828297,1.0,7.0,5.0,4.0,0.7115049417884406,2.0,-4.0
6.810264088665084,8.0,44.0,31.0,2.0,0.12362027809691889,1.0,-5.0
7.696409551427358,9.0,36.0,21.0,0.0,0.25238388599431205,4.0,-5.0
61.957837520507105,63.0,85.0,65.0,0.0,0.3169664909706488,1.0,-2.0
0.5148612156697133,2.0,57.0,5.0,4.0,0.019243005321841755,1.0,-2.0
35.50012835936467,36.0,66.0,54.0,8.0,0.23474334576722233,1.0,-2.0
19.13793686872321,20.0,65.0,24.0,2.0,0.6284683378489515,4.0,-1.0
34.207152050834694,35.0,82.0,18.0,4.0,0.9569845891183871,2.0,-1.0
7.893090323024468,10.0,62.0,12.0,6.0,0.6479682924063911,1.0,-4.0
61.77788832075158,63.0,100.0,57.0,8.0,0.31526227880483393,4.0,-3.0
9.785254677109156,11.0,46.0,23.0,7.0,0.6700950717982714,4.0,-1.0
6.806880503648788,8.0,71.0,23.0,10.0,0.012881105207099397,5.0,-2.0
20.236109840325717,14.0,16.0,6.0,2.0,0.37354153143694147,3.0,-1.0
63.8664711146527,66.0,61.0,16.0,4.0,0.6040359947321046,1.0,-2.0
47.634199316544844,9.0,15.0,2.0,0.0,0.25458263258971037,4.0,-1.0
1.7958459471996422,2.0,7.0,5.0,1.0,0.5876687532388452,4.0,-3.0
64.74957799487954,67.0,73.0,25.0,3.0,0.6650573614482098,1.0,-3.0
12.62776735577193,14.0,85.0,37.0,10.0,0.3103091354247619,2.0,-4.0
41.93910339623802,43.0,82.0,58.0,4.0,0.4281047064251029,1.0,-3.0
86.77084561085573,88.0,93.0,55.0,7.0,0.48227293525420856,1.0,-2.0
18.87778483566975,5.0,25.0,10.0,7.0,0.6438427503284022,4.0,-5.0
0.6600805601722197,2.0,11.0,5.0,4.0,0.310629175373099,4.0,-4.0
39.51344955501693,41.0,91.0,65.0,2.0,0.06760102906108234,4.0,-2.0
4.770143120763624,5.0,34.0,26.0,9.0,0.8923661755680073,2.0,-1.0
1.4508820849766164,3.0,17.0,3.0,2.0,0.36786267928128724,5.0,-4.0
5.030853711077979,6.0,17.0,13.0,4.0,0.07034640527763514,1.0,-2.0
304.6379693792346,68.0,76.0,49.0,10.0,0.5110787240568774,4.0,-4.0
58.38261421192805,59.0,59.0,55.0,2.0,0.03073183278152658,2.0,-1.0
15.718790113746914,17.0,43.0,23.0,1.0,0.8960517940200657,2.0,-5.0
13.666333952704688,8.0,24.0,6.0,2.0,0.7896381544448287,3.0,-5.0
32.37254304160653,34.0,89.0,22.0,8.0,0.6139310273764333,4.0,-1.0
46.360373851994694,26.0,50.0,38.0,9.0,0.5468082232992167,3.0,-5.0
10.229595753817419,11.0,83.0,31.0,8.0,0.10737454408181979,4.0,-3.0
884.7532810894832,253.0,84.0,53.0,3.0,0.40700760328615604,3.0,-2.0
55.18588525041711,22.0,65.0,63.0,2.0,0.41352069924816004,3.0,-4.0
70.80169930459186,24.0,98.0,97.0,10.0,0.6285359888851387,1.0,-5.0
441.54665835755435,209.0,91.0,22.0,9.0,0.1927114793321666,5.0,-1.0
9.921021436511795,4.0,25.0,10.0,9.0,0.6511941093564854,5.0,-5.0
557.5191503424846,87.0,74.0,59.0,7.0,0.5044841509004027,3.0,-3.0
2.524008518161516,4.0,28.0,23.0,2.0,0.9968293136375779,2.0,-4.0
3.5857634276314685,5.0,93.0,22.0,10.0,0.23620461694515027,2.0,-5.0
14.383454664569053,4.0,12.0,9.0,3.0,0.6417145959710213,2.0,-3.0
405.4943888442879,103.0,97.0,80.0,7.0,0.5774177330430963,3.0,-4.0
84.3918986111996,83.0,91.0,80.0,7.0,0.6891646765441373,1.0,-5.0
40.50661190631737,41.0,97.0,35.0,4.0,0.8435381047040911,2.0,-1.0
20.186336441708768,13.0,40.0,38.0,1.0,0.36117950288764766,2.0,-4.0
30.571080017584503,31.0,49.0,27.0,7.0,0.9299085932468332,1.0,-3.0
6.9494522551915825,8.0,42.0,31.0,9.0,0.9304764269198929,2.0,-4.0
6.861074526167797,8.0,42.0,12.0,8.0,0.9215616188393941,5.0,-3.0
189.50135664913213,190.0,81.0,35.0,4.0,0.41820639031783424,1.0,-1.0
45.30153353500634,46.0,75.0,22.0,3.0,0.8339876638350211,2.0,-3.0
38.293074711359864,33.0,44.0,27.0,10.0,0.7406574170749333,2.0,-4.0
17.424427137634513,23.0,99.0,92.0,4.0,0.5669558119444178,3.0,-3.0
0.5853718943816288,2.0,13.0,8.0,7.0,0.04861404929129909,4.0,-2.0
34.31584416603547,21.0,35.0,8.0,3.0,0.6311347603231608,3.0,-3.0
199.17700666117153,38.0,32.0,27.0,2.0,0.5062758248100717,2.0,-2.0
129.30456202919575,84.0,94.0,44.0,9.0,0.48740932881025023,5.0,-4.0
75.86942718369006,7.0,23.0,18.0,7.0,0.40785915183808863,4.0,-3.0
54.0867988407681,33.0,66.0,63.0,10.0,0.5033489343797416,2.0,-4.0
41.98798015646538,44.0,63.0,21.0,5.0,0.5237877128626951,2.0,-3.0
92.13515802095199,93.0,93.0,38.0,3.0,0.3100616488222616,1.0,-1.0
7.399707406548461,9.0,57.0,44.0,8.0,0.013494277244781805,5.0,-5.0
1.0325887319561153,2.0,47.0,44.0,10.0,0.9842198878664985,3.0,-3.0
5.360235690684597,7.0,36.0,6.0,1.0,0.6134410392181314,1.0,-4.0
78.22105503736807,71.0,39.0,22.0,10.0,0.7391109294544744,1.0,-2.0
13.153614735242478,14.0,74.0,27.0,8.0,0.09258835711153346,4.0,-2.0
3.714940818380695,4.0,15.0,12.0,6.0,0.9679249794575763,1.0,-5.0
11.109669669501537,12.0,40.0,14.0,6.0,0.6680607213979667,4.0,-1.0
6.551820892297995,7.0,37.0,16.0,10.0,0.154889150040862,5.0,-2.0
36.21919652964072,31.0,47.0,23.0,5.0,0.5232331482417031,4.0,-3.0
35.57415605860406,36.0,99.0,69.0,5.0,0.03349019301836309,4.0,-2.0
4.916328396806313,5.0,15.0,10.0,0.0,0.12074521897031731,5.0,-3.0
21.99656095266826,16.0,71.0,70.0,10.0,0.14136676421016325,5.0,-4.0
35.66675934893798,37.0,71.0,58.0,2.0,0.23831843700677435,3.0,-3.0
15.141553850138012,15.0,60.0,7.0,6.0,0.90006025173588,4.0,-1.0
1.5044345266647094,1.0,5.0,3.0,2.0,0.4658806301705859,4.0,-1.0
51.06999922267018,53.0,76.0,49.0,3.0,0.6198550981000195,1.0,-4.0
14.410557732661278,15.0,81.0,25.0,2.0,0.05770685209030657,5.0,-2.0
0.47372363910646836,2.0,24.0,7.0,6.0,0.23613307489621282,4.0,-4.0
26.113570291246177,27.0,95.0,51.0,0.0,0.7427719658113278,4.0,-5.0
1.763558253710129,2.0,17.0,15.0,8.0,0.7667588556964627,3.0,-5.0
27.485834587966345,28.0,87.0,12.0,2.0,0.9660847856919177,3.0,-5.0
73.31951086402051,75.0,99.0,67.0,3.0,0.4254216394904887,2.0,-3.0
9.732995163126782,9.0,32.0,30.0,2.0,0.3538646201106841,1.0,-5.0
1.4131302084738269,4.0,17.0,16.0,9.0,0.34152977468084766,4.0,-1.0
53.98014036335069,16.0,30.0,19.0,0.0,0.650472330948838,3.0,-5.0
86.90096179639899,55.0,60.0,17.0,3.0,0.49925945107282843,4.0,-3.0
0.21698093097430546,2.0,87.0,86.0,1.0,0.9510874904477311,5.0,-3.0
88.47879734589364,91.0,76.0,46.0,8.0,0.33476607079863385,3.0,-1.0
27.920941979834254,6.0,22.0,9.0,5.0,0.6379429053104357,3.0,-4.0
24.535502099244308,25.0,64.0,57.0,7.0,0.327022778409332,2.0,-4.0
7.854317693944277,7.0,13.0,4.0,0.0,0.7484543288616056,1.0,-5.0
9.514169067619553,10.0,82.0,58.0,10.0,0.7522553449431691,5.0,-5.0
0.41966907963468614,1.0,9.0,8.0,7.0,0.20214627175104227,4.0,-4.0
6.712467457524191,7.0,94.0,88.0,7.0,0.9469295410344547,1.0,-1.0
30.042799964868035,31.0,83.0,46.0,2.0,0.17847426503240404,1.0,-2.0
404.9411590569924,104.0,95.0,10.0,5.0,0.7016511733037725,2.0,-4.0
13.143189555924845,14.0,78.0,49.0,0.0,0.12718334243371543,5.0,-5.0
7.060063832131291,9.0,75.0,20.0,10.0,0.36908317306690086,3.0,-4.0
1.864532771588728,3.0,82.0,75.0,8.0,0.8754291748937967,5.0,-5.0
2.7307682330755285,3.0,13.0,9.0,4.0,0.1670019165073272,4.0,-3.0
3.2112923628686785,4.0,37.0,22.0,8.0,0.9634462911582133,5.0,-4.0
37.78507703874983,27.0,41.0,35.0,3.0,0.4317585696270875,3.0,-2.0
8.56381171048936,9.0,56.0,25.0,3.0,0.9239766834674737,4.0,-1.0
16.381359831928986,18.0,73.0,21.0,6.0,0.8174339647838427,5.0,-5.0
21.431972469755824,22.0,58.0,19.0,10.0,0.2900333249144348,1.0,-1.0
37.087643808906854,6.0,25.0,19.0,7.0,0.5196046782174507,4.0,-5.0
34.55890169347197,35.0,66.0,35.0,2.0,0.022554271361095335,1.0,-1.0
8.741924364903392,9.0,48.0,35.0,7.0,0.09963048707540734,4.0,-4.0
6.011479077705016,7.0,65.0,43.0,4.0,0.9574581337559706,4.0,-4.0
71.03492619565725,72.0,99.0,36.0,1.0,0.9622958891446066,1.0,-2.0
1.5870400448930528,3.0,69.0,3.0,1.0,0.2899653922369704,3.0,-3.0
139.49567020773202,128.0,86.0,81.0,5.0,0.11379505563358439,3.0,-1.0
5.6741685472216545,6.0,48.0,26.0,6.0,0.09505090187026755,1.0,-4.0
48.37145868998017,51.0,81.0,68.0,0.0,0.7114589207219589,2.0,-4.0
4.928183998715493,6.0,63.0,23.0,1.0,0.08931349405331357,1.0,-5.0
31.56918050020203,32.0,70.0,19.0,2.0,0.8022142354931695,3.0,-4.0
23.783421884481868,25.0,70.0,60.0,4.0,0.3290837435252435,1.0,-4.0
102.54444146856703,104.0,95.0,66.0,4.0,0.46512803258086277,1.0,-2.0
16.788936217347217,17.0,67.0,37.0,4.0,0.7978151763322404,3.0,-3.0
6.492352373918823,8.0,76.0,59.0,7.0,0.827308173927309,4.0,-4.0
0.8475021668041426,1.0,6.0,5.0,4.0,0.5449844965502901,3.0,-1.0
4.856508284797921,6.0,34.0,18.0,6.0,0.7868185088369967,5.0,-3.0
2.662425894400783,3.0,7.0,6.0,3.0,0.29106935817329194,1.0,-2.0
11.726976904777551,13.0,61.0,27.0,9.0,0.987412242687078,3.0,-5.0
60.68467986100144,56.0,75.0,65.0,6.0,0.14682302933990732,5.0,-2.0
0.5652825324017147,1.0,2.0,1.0,0.0,0.6281711482549273,4.0,-2.0
1.5515073319921469,3.0,19.0,15.0,0.0,0.654019713375303,5.0,-2.0
18.205297474829745,19.0,57.0,45.0,9.0,0.2045107194785163,2.0,-3.0
6.246111081766445,5.0,25.0,6.0,5.0,0.8041892747547272,5.0,-5.0
22.113798585611512,23.0,77.0,51.0,8.0,0.7719670616478633,3.0,-5.0
2.557629104772937,4.0,21.0,10.0,8.0,0.9300858157843244,5.0,-5.0
1.535623474540052,2.0,15.0,12.0,4.0,0.7726226549193321,4.0,-5.0
22.513738145280353,23.0,33.0,21.0,3.0,0.7665039435602481,1.0,-1.0
5.272422841313718,6.0,79.0,65.0,3.0,0.7310651448627611,4.0,-1.0
16.921040326311545,18.0,59.0,36.0,4.0,0.38860791518355053,3.0,-5.0
26.461291556174785,8.0,13.0,12.0,1.0,0.5280994822613747,1.0,-2.0
5.262231677626974,6.0,34.0,33.0,10.0,0.10487180442892907,1.0,-5.0
80.74060676290507,34.0,79.0,77.0,6.0,0.3029486775232273,4.0,-3.0
11.891877142339217,13.0,92.0,69.0,2.0,0.733523326988302,3.0,-1.0
5.747752435787129,7.0,23.0,8.0,5.0,0.492685617348377,1.0,-2.0
104.17089754795677,107.0,80.0,31.0,2.0,0.29407617895860416,4.0,-1.0
1.1282992850661417,2.0,85.0,11.0,6.0,0.06317240605902064,4.0,-5.0
61.70112590968331,16.0,59.0,56.0,1.0,0.4108606217648155,5.0,-5.0
163.948106214129,69.0,96.0,94.0,4.0,0.290209161815565,3.0,-2.0
2.5945021109883677,4.0,30.0,20.0,4.0,0.9838115613630963,4.0,-5.0
85.69797487569578,79.0,52.0,25.0,5.0,0.4416555641221107,2.0,-2.0
1.1723321878110349,2.0,56.0,53.0,6.0,0.7598336079130105,4.0,-2.0
56.16662020024897,57.0,35.0,20.0,1.0,0.6335312677398159,1.0,-1.0
104.6059671381068,96.0,82.0,26.0,4.0,0.7907631870233636,2.0,-5.0
3.134217655397847,4.0,89.0,78.0,3.0,0.9019295536833862,4.0,-1.0
42.12951411927634,43.0,73.0,19.0,0.0,0.7136269593453975,3.0,-3.0
8.32327594324514,9.0,78.0,71.0,1.0,0.9205075049614893,1.0,-1.0
14.043241757087815,15.0,92.0,34.0,8.0,0.23873062573653625,5.0,-4.0
9.102180043421084,8.0,18.0,7.0,2.0,0.8869288134039718,2.0,-5.0
0.9192983753491446,2.0,50.0,48.0,6.0,0.8625953686763942,3.0,-3.0
21.583315563978218,23.0,86.0,21.0,0.0,0.8023170981985982,4.0,-1.0
5.001409877004606,6.0,18.0,12.0,2.0,0.333427298637736,2.0,-4.0
6.504719539276882,6.0,19.0,18.0,0.0,0.1540973078986695,4.0,-4.0
22.910902246473228,20.0,70.0,65.0,9.0,0.2839720903875683,4.0,-5.0
16.981269968016306,8.0,35.0,30.0,8.0,0.3004949960787757,5.0,-4.0
14.3233053838204,10.0,31.0,16.0,10.0,0.6745407175933007,3.0,-3.0
29.423362103482212,30.0,74.0,24.0,1.0,0.6332588816259134,5.0,-4.0
50.88381024737441,43.0,36.0,26.0,5.0,0.7174590114305224,1.0,-4.0
0.5598531562694815,1.0,3.0,1.0,0.0,0.928727553407866,4.0,-2.0
16.210329064970942,18.0,54.0,15.0,1.0,0.3051933039211512,4.0,-3.0
3913.13941290728,553.0,99.0,89.0,2.0,0.32592240391325056,2.0,-1.0
5.2125692604586815,6.0,90.0,16.0,2.0,0.21903072808385515,2.0,-4.0
1.5527210900698263,3.0,63.0,16.0,10.0,0.019402285043608858,3.0,-4.0
7.886545629616489,8.0,72.0,9.0,3.0,0.11960532013736846,1.0,-1.0
4.664193065236667,6.0,67.0,46.0,7.0,0.9170644205860589,5.0,-1.0
58.995137897615486,61.0,82.0,26.0,10.0,0.5762637364694495,1.0,-2.0
501.1837068246754,83.0,92.0,27.0,5.0,0.4588547736787679,5.0,-4.0
18.964735479455964,21.0,76.0,58.0,0.0,0.661014448044014,4.0,-5.0
4.49111260927244,5.0,75.0,67.0,6.0,0.9635492989525967,2.0,-4.0
5.1246680368838025,6.0,82.0,73.0,6.0,0.7927018860937024,3.0,-3.0
19.076643025375265,17.0,15.0,7.0,1.0,0.22849308458832873,2.0,-1.0
9.474332680732774,11.0,85.0,38.0,10.0,0.005580842161297284,5.0,-3.0
4.003546016879321,5.0,88.0,68.0,8.0,0.9993673435527314,5.0,-2.0
22.511145373788814,23.0,56.0,15.0,2.0,0.21125414135664677,1.0,-1.0
28.122503683444254,30.0,68.0,34.0,4.0,0.4584280281255726,5.0,-2.0
0.7316987227657546,3.0,9.0,1.0,0.0,0.6055528801480635,1.0,-5.0
146.88729456355972,74.0,77.0,12.0,5.0,0.7775023070707101,2.0,-5.0
24.70581370995915,26.0,88.0,57.0,1.0,0.18333175889865683,1.0,-3.0
0.8962822908874907,4.0,9.0,8.0,0.0,0.35261998557206964,5.0,-1.0
108.14579365814558,106.0,63.0,44.0,2.0,0.7223270761084538,1.0,-4.0
5.508282157951316,8.0,42.0,7.0,2.0,0.44175371204348557,3.0,-4.0
25.552822789281386,26.0,77.0,15.0,10.0,0.8852692832512192,3.0,-2.0
2.2457160613171596,4.0,24.0,15.0,9.0,0.29103079840818824,3.0,-5.0
10.410571075174436,11.0,69.0,34.0,4.0,0.7659953350337844,5.0,-2.0
521.136958162222,272.0,87.0,67.0,5.0,0.2076755254781889,4.0,-1.0
7.995082509934827,9.0,47.0,40.0,4.0,0.07103317293088263,2.0,-5.0
28.666842807864175,8.0,21.0,17.0,9.0,0.5348835065899085,2.0,-2.0
21.68285565747458,23.0,86.0,43.0,6.0,0.4116978375421848,3.0,-5.0
12.762240373203815,13.0,28.0,8.0,2.0,0.13246577747042998,3.0,-1.0
10.196344410097204,7.0,27.0,5.0,3.0,0.6929393371316801,4.0,-2.0
2.5137226315553582,4.0,17.0,15.0,8.0,0.03075506353307389,4.0,-3.0
16.5150661583008,18.0,38.0,28.0,3.0,0.5351692388866353,2.0,-1.0
21.878309372764438,19.0,23.0,6.0,5.0,0.8885126521970368,1.0,-1.0
1.7693509633309732,2.0,10.0,1.0,0.0,0.2174105022902285,1.0,-1.0
0.22172771668980498,1.0,10.0,9.0,8.0,0.04899639299538239,5.0,-5.0
30.40896293428441,17.0,23.0,5.0,0.0,0.7653217903709238,2.0,-4.0
4.6252698266583945,6.0,25.0,8.0,1.0,0.8344326557452417,5.0,-3.0
59.27087066959966,57.0,68.0,8.0,5.0,0.6707672156781409,2.0,-1.0
8.876541643543518,10.0,60.0,34.0,8.0,0.0177328332337775,1.0,-3.0
3.859474474331944,5.0,48.0,44.0,5.0,0.8072821067532714,2.0,-3.0
20.814349703748956,17.0,64.0,8.0,7.0,0.8363064472169986,4.0,-4.0
5.42097292804442,5.0,21.0,3.0,0.0,0.7900546460691646,5.0,-3.0
11.453420978039025,13.0,45.0,15.0,5.0,0.6599006789265656,5.0,-2.0
6.326978216419765,8.0,65.0,24.0,6.0,0.21550399915576723,5.0,-5.0
9.905743837984868,10.0,27.0,22.0,1.0,0.7523788259508007,1.0,-1.0
23.097526269402607,25.0,64.0,30.0,1.0,0.4120031845505461,5.0,-1.0
56.24109969740653,40.0,57.0,54.0,9.0,0.26333544336855463,3.0,-1.0
13.39255470740159,6.0,24.0,10.0,9.0,0.6090713878848327,3.0,-2.0
10.296303050531105,11.0,48.0,23.0,6.0,0.22482032439913624,3.0,-3.0
10.831615673610031,10.0,35.0,20.0,8.0,0.6731043693295192,4.0,-4.0
13.730698650300008,16.0,66.0,50.0,0.0,0.5206590120384225,5.0,-3.0
13.167454090273228,14.0,40.0,15.0,3.0,0.7246551578726872,3.0,-1.0
3.1743098478798752,4.0,21.0,13.0,6.0,0.22434953047056405,4.0,-4.0
7.83824918853621,8.0,21.0,1.0,0.0,0.9439487779562254,3.0,-5.0
1.645246929069958,3.0,55.0,49.0,9.0,0.9558586232547887,4.0,-4.0
14.484699335224105,15.0,86.0,30.0,7.0,0.9808783708733293,4.0,-3.0
212.63760918146286,180.0,77.0,41.0,7.0,0.1400172574277263,5.0,-1.0
10.904108381682008,11.0,23.0,14.0,2.0,0.22487434139596874,2.0,-2.0
12.334298631848712,12.0,33.0,9.0,6.0,0.4909656089406519,5.0,-1.0
34.62178307878431,33.0,91.0,87.0,0.0,0.06089139458088655,5.0,-3.0
7.403822038340807,8.0,38.0,9.0,2.0,0.8194826458060681,5.0,-1.0
52.35683761530984,50.0,44.0,21.0,5.0,0.423601191703176,2.0,-2.0
76.2854794403603,70.0,72.0,53.0,7.0,0.19957169842719802,5.0,-2.0
70.24080705561927,29.0,81.0,4.0,3.0,0.5160381437033427,4.0,-2.0
13.597810540665323,14.0,56.0,30.0,3.0,0.16906436984524853,3.0,-3.0
10.711484104053488,5.0,28.0,26.0,10.0,0.4552450699584484,4.0,-3.0
6.926645773479774,8.0,21.0,7.0,3.0,0.7552950756339438,3.0,-1.0
53.606173142458225,54.0,86.0,44.0,0.0,0.8917459271750768,1.0,-1.0
17.28515040904577,18.0,35.0,32.0,6.0,0.16527290025019548,1.0,-2.0
9.468685650377775,11.0,60.0,48.0,10.0,0.696370593942656,4.0,-5.0
297.5712561833106,21.0,45.0,41.0,8.0,0.2698717417308655,5.0,-2.0
1.6199338055596815,5.0,30.0,29.0,10.0,0.6028848623904629,3.0,-3.0
1.9485688840024449,3.0,21.0,12.0,9.0,0.15346951556264377,1.0,-2.0
4.33862382965802,6.0,67.0,58.0,3.0,0.6749322763611428,5.0,-4.0
35.699315782264264,35.0,52.0,29.0,4.0,0.18567235232790724,5.0,-2.0
23.07934914345376,24.0,69.0,10.0,0.0,0.7593996522842066,4.0,-2.0
5.076700031513364,6.0,49.0,18.0,1.0,0.27522800590694274,1.0,-5.0
10.605475018973332,11.0,99.0,34.0,4.0,0.03425447806289472,2.0,-3.0
117.37946707935075,27.0,98.0,11.0,6.0,0.5741185849320531,5.0,-5.0
3.6594505027972213,5.0,20.0,10.0,2.0,0.20346985880223434,1.0,-3.0
11.709620013497336,12.0,46.0,18.0,3.0,0.7391196295671868,5.0,-5.0
33.290140747039416,34.0,61.0,40.0,10.0,0.36627742902460814,1.0,-2.0
4.607829328319584,6.0,49.0,34.0,2.0,0.875888150768752,4.0,-2.0
0.23375231358988474,2.0,39.0,3.0,2.0,0.09024593455228513,3.0,-5.0
18.75446534498848,20.0,85.0,40.0,8.0,0.5489566136974151,1.0,-5.0
49.413940840348985,48.0,42.0,20.0,2.0,0.6113046218630871,2.0,-2.0
20.19953955921757,21.0,56.0,23.0,3.0,0.6259667338965064,5.0,-4.0
11.673274317343086,13.0,51.0,33.0,9.0,0.1888043174939701,2.0,-3.0
44.00715715238537,45.0,96.0,82.0,3.0,0.5341395767115658,1.0,-5.0
72.23091396292065,74.0,85.0,59.0,0.0,0.559992780038168,3.0,-3.0
4.8159678662995296,6.0,41.0,25.0,9.0,0.2396740995137553,2.0,-5.0
34.49367724390111,35.0,34.0,13.0,9.0,0.8044036136175224,1.0,-1.0
0.5565122395811025,1.0,14.0,13.0,9.0,0.7552117413651374,4.0,-5.0
24.38477220265187,25.0,80.0,41.0,4.0,0.8664529332197836,2.0,-1.0
30.202480374637986,31.0,72.0,50.0,8.0,0.4511732170709861,3.0,-5.0
0.7403079340159134,2.0,23.0,22.0,4.0,0.7938486564258719,3.0,-5.0
9.346790459268728,6.0,28.0,3.0,0.0,0.7674714931178198,5.0,-5.0
0.4413761697233181,1.0,4.0,3.0,1.0,0.7522344458718292,4.0,-3.0
151.09590517967032,84.0,92.0,39.0,9.0,0.5945300656978809,4.0,-5.0
15.926547284071189,14.0,52.0,11.0,10.0,0.8217897707889097,4.0,-4.0
12.086033478345149,14.0,71.0,55.0,4.0,0.07802532905954651,5.0,-5.0
3.671633433048233,5.0,37.0,21.0,8.0,0.1459341533665237,5.0,-5.0
1.8620946096022053,3.0,12.0,9.0,0.0,0.018525914395900678,4.0,-5.0
0.7231261524369897,2.0,17.0,5.0,3.0,0.03346155078398172,4.0,-3.0
4.359519649945849,5.0,100.0,16.0,5.0,0.11919655814966712,1.0,-3.0
135.30081263683675,135.0,89.0,6.0,2.0,0.806723952289857,1.0,-1.0
5.3684237310486935,6.0,83.0,12.0,7.0,0.034313957830665154,1.0,-1.0
7.016516842673486,8.0,22.0,17.0,5.0,0.8563021447900396,1.0,-1.0
22.925166909226963,24.0,77.0,13.0,5.0,0.9702416827598267,3.0,-4.0
4.011273396859,5.0,58.0,29.0,9.0,0.0023420237049553982,1.0,-5.0
1.0480197511463047,1.0,10.0,8.0,5.0,0.844051568659088,3.0,-4.0
2.4412505055194944,3.0,69.0,64.0,8.0,0.8413551093790766,3.0,-3.0
50.53210443598499,49.0,37.0,29.0,9.0,0.2014040036314183,2.0,-1.0
4.556025683498967,4.0,18.0,13.0,1.0,0.23661254712716717,5.0,-5.0
20.10964452684157,21.0,84.0,37.0,7.0,0.72286450196626,4.0,-2.0
48.72343494756408,34.0,23.0,8.0,6.0,0.653930034039502,1.0,-1.0
64.58997511065863,66.0,81.0,40.0,0.0,0.5449244764364586,2.0,-1.0
0.5316022653743571,2.0,8.0,5.0,3.0,0.17682697055164787,2.0,-5.0
19.475138612633884,20.0,94.0,35.0,1.0,0.08472814706192355,1.0,-2.0
50.022294036338636,51.0,76.0,48.0,2.0,0.5199168060255922,2.0,-1.0
33.334739785588404,34.0,85.0,29.0,9.0,0.9359858235594235,2.0,-3.0
0.9258834206048306,2.0,82.0,79.0,10.0,0.8240148741447664,5.0,-5.0
2.0697770475876394,3.0,25.0,18.0,3.0,0.7977508470150577,5.0,-3.0
115.68275005440134,114.0,66.0,27.0,5.0,0.8674257829826136,1.0,-4.0
46.67815557803727,46.0,82.0,43.0,10.0,0.6044385738817357,4.0,-4.0
144.91560667787388,145.0,74.0,11.0,0.0,0.7173678924038863,1.0,-1.0
17.593994888875365,19.0,71.0,55.0,3.0,0.008889222391675666,2.0,-3.0
3.3790200019790744,1.0,11.0,8.0,6.0,0.588783138254373,5.0,-5.0
48.94361351761835,20.0,59.0,58.0,3.0,0.3595322350376686,4.0,-4.0
21.008060313435447,22.0,100.0,7.0,0.0,0.3333972795307705,1.0,-1.0
82.64268601612443,9.0,28.0,11.0,2.0,0.520570483390004,5.0,-5.0
0.7249116344284375,2.0,15.0,8.0,7.0,0.27008691990703615,3.0,-3.0
8.802168834782906,10.0,45.0,25.0,5.0,0.6590209097240816,5.0,-3.0
9.61522082293021,10.0,51.0,16.0,0.0,0.9600068895919757,4.0,-5.0
16.620734645435252,18.0,67.0,44.0,1.0,0.8973022802606859,2.0,-4.0
14.797132894957269,16.0,85.0,46.0,4.0,0.30880175718448777,2.0,-5.0
43.476051806920466,27.0,52.0,47.0,6.0,0.5795645836008317,2.0,-5.0
5.089602273326573,7.0,68.0,20.0,10.0,0.17253498855867766,3.0,-3.0
15.027766583389807,16.0,53.0,16.0,9.0,0.6374441489899495,5.0,-2.0
0.9967431886088123,2.0,20.0,17.0,9.0,0.8019604717213469,4.0,-1.0
6.851784574319162,8.0,73.0,8.0,0.0,0.40463156687290724,3.0,-4.0
93.26524650167026,85.0,97.0,16.0,8.0,0.5736981416728457,3.0,-2.0
39.247176549910115,41.0,78.0,33.0,8.0,0.8577632157512193,2.0,-4.0
22.11204901560977,15.0,59.0,4.0,0.0,0.7487331678813363,5.0,-5.0
11.690310737531119,13.0,59.0,8.0,0.0,0.9089410287232537,5.0,-2.0
17.7381534696794,17.0,56.0,45.0,6.0,0.28013494997286836,5.0,-5.0
47.447242956753634,47.0,50.0,13.0,10.0,0.9266044958167123,1.0,-2.0
5.696311661706972,7.0,16.0,10.0,6.0,0.5744478077415558,1.0,-3.0
80.92119566407389,81.0,96.0,19.0,6.0,0.9878857583853807,1.0,-3.0
106.89060393056668,48.0,81.0,15.0,6.0,0.4165431095383595,4.0,-3.0
386.6658083827692,11.0,13.0,6.0,1.0,0.19741378736283277,4.0,-1.0
15.703674233882895,17.0,70.0,51.0,0.0,0.10747891371125018,3.0,-4.0
1.976740675835812,3.0,48.0,40.0,8.0,0.8411776683536072,5.0,-1.0
31.638839360074154,33.0,98.0,17.0,1.0,0.7943063545507566,4.0,-3.0
474.31364830718803,109.0,65.0,29.0,2.0,0.5126498573705687,3.0,-3.0
13.055353120607629,8.0,35.0,5.0,3.0,0.6139868529992997,5.0,-2.0
10.090590109311151,11.0,49.0,20.0,9.0,0.12998220717325704,5.0,-2.0
4.876764474345731,6.0,84.0,23.0,0.0,0.04729304914519539,1.0,-5.0
65.85711268293186,60.0,55.0,48.0,1.0,0.6572667458827695,1.0,-4.0
45.86600469681103,38.0,72.0,16.0,8.0,0.7776184817333064,3.0,-5.0
174.70560133954967,21.0,47.0,34.0,7.0,0.563823432677807,4.0,-5.0
168.424628629769,169.0,94.0,81.0,2.0,0.5103158197176776,1.0,-2.0
20.97001341583368,21.0,28.0,8.0,7.0,0.9768714164221455,1.0,-1.0
43.97028194222482,7.0,28.0,14.0,8.0,0.414799608342276,5.0,-3.0
16.359883126714124,17.0,39.0,16.0,4.0,0.8019593380110644,2.0,-1.0
28.900225189061974,14.0,55.0,54.0,4.0,0.32699096746511247,5.0,-5.0
2.852679566078448,4.0,35.0,9.0,5.0,0.319561913117444,2.0,-3.0
15.44939534318073,17.0,72.0,23.0,1.0,0.39399901239968804,1.0,-3.0
58.154370244439015,28.0,35.0,25.0,10.0,0.34841316332048367,3.0,-2.0
1.9511707365119175,3.0,19.0,8.0,6.0,0.4249963395547717,3.0,-4.0
2.767857581715251,3.0,14.0,10.0,7.0,0.8612902652961995,2.0,-2.0
73.74464060072383,65.0,64.0,1.0,0.0,0.9708598739835248,1.0,-4.0
28.919442403628143,29.0,38.0,22.0,5.0,0.9255435021688194,1.0,-5.0
19.68220854458773,21.0,64.0,15.0,1.0,0.7842225733168123,4.0,-3.0
3.966310875460761,5.0,43.0,34.0,3.0,0.8538222183078114,3.0,-2.0
3.3826542799511237,4.0,17.0,11.0,5.0,0.9547510034094702,2.0,-3.0
27.37960404203906,28.0,75.0,48.0,3.0,0.9953785058218737,1.0,-2.0
31.118062308160923,32.0,72.0,52.0,9.0,0.2060552959652744,1.0,-2.0
3.5692753566075694,6.0,29.0,24.0,0.0,0.5668074282334752,4.0,-2.0
58.231845633397526,59.0,84.0,32.0,5.0,0.5561403103022,4.0,-3.0
21.324955253217556,10.0,19.0,7.0,3.0,0.512544198639661,3.0,-2.0
40.00817034053603,37.0,74.0,4.0,2.0,0.9642346600856191,2.0,-5.0
314.73490395697877,277.0,93.0,32.0,8.0,0.548453475633845,2.0,-2.0
1.034878703886418,1.0,6.0,2.0,0.0,0.13342579515730524,5.0,-3.0
44.939423359701216,45.0,38.0,15.0,1.0,0.8372666898423454,1.0,-2.0
2.7736400285228284,2.0,6.0,4.0,2.0,0.7131543159029935,1.0,-5.0
11.334938899332743,13.0,81.0,59.0,3.0,0.6601001675280812,5.0,-4.0
192.50805891995415,193.0,98.0,63.0,5.0,0.2329046372995105,2.0,-1.0
4.902251185928503,5.0,27.0,23.0,1.0,0.9539879153623166,1.0,-3.0
9.21730783334956,11.0,95.0,15.0,5.0,0.41644064497539934,3.0,-4.0
99.94143083783008,100.0,81.0,64.0,9.0,0.723366541975253,1.0,-2.0
1.6795197155456179,3.0,53.0,9.0,4.0,0.2045916872877347,1.0,-4.0
110.44666169642778,40.0,31.0,8.0,2.0,0.24164906326135505,4.0,-1.0
18.252933420075387,18.0,40.0,24.0,3.0,0.5537959189648661,4.0,-3.0
11.577878996290526,13.0,63.0,40.0,7.0,0.8310911553455955,3.0,-3.0
10.671777176526323,11.0,57.0,17.0,1.0,0.949640839353058,4.0,-1.0
3.880514487651074,5.0,24.0,9.0,3.0,0.9850518689878298,4.0,-5.0
14.461588173530053,16.0,87.0,27.0,4.0,0.2013685621719875,4.0,-3.0
1.7998425654524852,3.0,47.0,46.0,0.0,0.5185347169051973,2.0,-1.0
15.527044310175532,17.0,97.0,78.0,2.0,0.5279589246063761,5.0,-3.0
11.175397259085374,12.0,26.0,18.0,5.0,0.9431716441846604,1.0,-4.0
5.929505036181319,6.0,55.0,40.0,8.0,0.9216203519088388,3.0,-3.0
5.4050082582433,6.0,37.0,22.0,8.0,0.9719004875506703,3.0,-5.0
94.01249975648044,73.0,78.0,15.0,3.0,0.3814462365007514,5.0,-2.0
2.732374406747666,4.0,22.0,2.0,0.0,0.45360717806015527,2.0,-3.0
22.830700854494907,24.0,50.0,36.0,8.0,0.2578604108790443,1.0,-2.0
32.51323436322138,33.0,99.0,68.0,2.0,0.12125717306881312,5.0,-3.0
20.94965977271678,23.0,63.0,28.0,5.0,0.48368835699857504,2.0,-4.0
7.5323564469834805,7.0,15.0,12.0,4.0,0.3495704339377561,3.0,-1.0
1.0864719163873504,1.0,8.0,4.0,3.0,0.960205176460115,4.0,-4.0
6.276102058639286,7.0,50.0,35.0,7.0,0.73900184955329,5.0,-5.0
1.4141940033164033,1.0,11.0,10.0,9.0,0.14644171957492524,1.0,-1.0
306.2586369480275,303.0,76.0,65.0,4.0,0.4004109719028891,1.0,-1.0
5.035249182002566,6.0,23.0,6.0,1.0,0.14385721201895052,5.0,-2.0
0.2544943052957979,2.0,14.0,5.0,4.0,0.007848776883368713,5.0,-4.0
21.10580303818397,22.0,86.0,25.0,7.0,0.8150333969733401,4.0,-2.0
6.7373162584925375,8.0,36.0,33.0,7.0,0.017612076484712635,4.0,-4.0
24.488432507997544,25.0,55.0,8.0,2.0,0.9838547035189004,2.0,-3.0
24.023524193630195,25.0,69.0,26.0,9.0,0.43078675908136843,1.0,-2.0
89.89815853643016,90.0,94.0,72.0,4.0,0.6223606821216742,1.0,-1.0
1.0331579626081975,2.0,73.0,71.0,0.0,0.9839531011673711,2.0,-2.0
14.470077236992623,15.0,31.0,22.0,9.0,0.05079714547875336,1.0,-1.0
7.9707675750952,10.0,82.0,73.0,8.0,0.4470179837083813,5.0,-2.0
23.200269045970384,24.0,31.0,28.0,7.0,0.031612694398940544,2.0,-1.0
10.337235502763491,11.0,45.0,29.0,7.0,0.9246337668603091,2.0,-4.0
12.196785353498736,13.0,68.0,60.0,5.0,0.827955267233802,1.0,-1.0
108.04511970911244,67.0,40.0,5.0,0.0,0.8647877481078826,1.0,-4.0
12.496242204977591,12.0,42.0,36.0,8.0,0.43501804284021117,5.0,-3.0
86.87380838397866,89.0,97.0,71.0,5.0,0.6480554698182847,1.0,-4.0
52.55627601624225,50.0,76.0,18.0,8.0,0.8719398502666127,2.0,-5.0
6.715223159111053,8.0,56.0,20.0,1.0,0.1672296863024626,3.0,-4.0
14.775445953984704,8.0,21.0,20.0,3.0,0.4623606276767679,1.0,-3.0
13.055853991125538,14.0,57.0,14.0,0.0,0.24096051080308278,5.0,-3.0
4.754980060795615,6.0,33.0,10.0,5.0,0.2783529828254756,4.0,-3.0
32.16001970627899,32.0,39.0,20.0,10.0,0.897698914471517,1.0,-3.0
20.697965425536868,22.0,86.0,64.0,3.0,0.22809449170550933,4.0,-5.0
20.597312492427893,22.0,31.0,25.0,0.0,0.4304333797949895,2.0,-1.0
11.020540539421651,12.0,52.0,28.0,5.0,0.882535945545754,3.0,-4.0
17.399365247855993,18.0,73.0,59.0,2.0,0.9609254107902025,1.0,-4.0
11.118298347150674,13.0,54.0,38.0,9.0,0.17396089879806187,4.0,-4.0
0.526558254233409,1.0,9.0,8.0,6.0,0.02882139849526788,3.0,-4.0
15.336008690877382,16.0,78.0,9.0,5.0,0.9165358296152226,5.0,-1.0
2.8621391165878953,4.0,48.0,13.0,7.0,0.3807331680541852,1.0,-4.0
11.854143178564021,13.0,70.0,33.0,1.0,0.2601043783937762,1.0,-4.0
106.79209104638156,81.0,69.0,23.0,0.0,0.49010621553027267,4.0,-3.0
2.1600863833312096,7.0,30.0,29.0,0.0,0.24382407479292834,5.0,-1.0
76.07936163385685,76.0,90.0,58.0,7.0,0.1899496245861093,5.0,-2.0
137.69889198494076,26.0,51.0,38.0,7.0,0.41943012228983234,5.0,-4.0
2.821837288545392,4.0,79.0,75.0,1.0,0.6835032350190489,3.0,-2.0
263.86182397589727,38.0,93.0,5.0,2.0,0.47621541276740276,4.0,-3.0
10.24939615551558,11.0,77.0,28.0,10.0,0.9725961809910051,5.0,-3.0
6.616119964206071,7.0,51.0,22.0,6.0,0.9314704112731591,5.0,-4.0
37.43568015683392,38.0,62.0,49.0,0.0,0.33821765868968723,2.0,-3.0
44.088265521685436,45.0,88.0,70.0,9.0,0.7041359507684244,1.0,-1.0
0.31583814805177124,1.0,11.0,9.0,8.0,0.2619744791219173,2.0,-5.0
16.55830653844967,18.0,86.0,20.0,7.0,0.8309858091138214,5.0,-1.0
11.039143920317581,12.0,93.0,32.0,9.0,0.31941751754758774,2.0,-4.0
4.4715960641105434,6.0,51.0,9.0,4.0,0.5545472888902185,2.0,-5.0
1.6494213439904322,3.0,24.0,19.0,8.0,0.8923740146955982,4.0,-5.0
1.6591643634186775,3.0,6.0,5.0,2.0,0.06395362506087998,1.0,-2.0
28.49020515205387,30.0,81.0,63.0,3.0,0.48233550981365625,1.0,-5.0
3.856778734214694,4.0,39.0,5.0,3.0,0.24071626377508093,1.0,-1.0
22.629200147399146,22.0,27.0,7.0,3.0,0.9806356379495416,1.0,-5.0
29.073442114485758,30.0,68.0,62.0,6.0,0.0123072471691833,4.0,-2.0
17.290636282617644,11.0,34.0,33.0,4.0,0.2903489529969334,4.0,-4.0
47.92073965375321,49.0,77.0,52.0,4.0,0.2854780016608989,4.0,-3.0
192.56549184702303,194.0,82.0,21.0,1.0,0.43892511480104535,2.0,-1.0
2.0284298172930395,3.0,17.0,12.0,10.0,0.7441601345511468,4.0,-2.0
37.80965012217296,31.0,57.0,33.0,10.0,0.5489612112063953,3.0,-5.0
4.192038615532182,5.0,67.0,51.0,7.0,0.9633517468430471,4.0,-1.0
4.948171083579111,6.0,30.0,15.0,7.0,0.05474871812309978,5.0,-2.0
186.53784557384492,123.0,96.0,18.0,10.0,0.4836291421293617,3.0,-2.0
119.92590368821028,53.0,64.0,9.0,5.0,0.4917233029871376,3.0,-2.0
1456.256195386596,111.0,100.0,8.0,1.0,0.34386261614902824,4.0,-2.0
1.6372036618079346,3.0,21.0,18.0,5.0,0.5664785353200534,4.0,-1.0
19.450763192611323,13.0,39.0,35.0,7.0,0.1950584745523235,5.0,-3.0
25.231203083852034,26.0,54.0,41.0,6.0,0.8788087606920337,1.0,-3.0
2.4864016274388336,3.0,9.0,6.0,0.0,0.09781236105847091,3.0,-3.0
54.585095470995086,54.0,100.0,91.0,2.0,0.2282530477350666,3.0,-3.0
15.619595274219277,17.0,35.0,24.0,10.0,0.3678966547208915,1.0,-2.0
61.426284534497654,62.0,96.0,62.0,10.0,0.7589181630677587,2.0,-4.0
16.72938915352167,18.0,97.0,68.0,8.0,0.841684540405763,3.0,-5.0
2.2184437661127006,3.0,26.0,8.0,0.0,0.13938684756395192,5.0,-5.0
16.177656941454707,12.0,23.0,6.0,1.0,0.8644045749687033,2.0,-5.0
26.444664290711835,25.0,92.0,88.0,8.0,0.2468518832355795,3.0,-5.0
334.54234944960103,231.0,87.0,43.0,7.0,0.6263045919731179,2.0,-3.0
6.532446712992037,7.0,50.0,26.0,3.0,0.05323489190834085,5.0,-4.0
15.451018413113946,16.0,53.0,43.0,8.0,0.09184714346811285,5.0,-3.0
5.229810217056992,6.0,84.0,80.0,4.0,0.4608076849823354,4.0,-2.0
78.29872024103553,66.0,64.0,19.0,4.0,0.7963888624442238,2.0,-5.0
26.357687663645944,27.0,93.0,50.0,6.0,0.08266445295306235,2.0,-2.0
29.389081139571154,31.0,73.0,27.0,4.0,0.55434910595902,1.0,-3.0
0.40925745306399647,1.0,12.0,10.0,9.0,0.9811498992572025,5.0,-1.0
56.34105699648374,21.0,32.0,13.0,2.0,0.6196045528350813,3.0,-4.0
1.3543648799758743,1.0,9.0,8.0,7.0,0.7897255772533289,2.0,-4.0
26.184019989636838,15.0,36.0,33.0,3.0,0.2648947170729461,4.0,-3.0
6.327129365215634,7.0,25.0,22.0,4.0,0.03877698870210533,1.0,-3.0
86.15885075567418,86.0,83.0,19.0,3.0,0.6857034983599324,2.0,-2.0
27.40563164870459,28.0,86.0,66.0,9.0,0.23003387834071065,1.0,-3.0
3.195459007691699,4.0,11.0,6.0,4.0,0.593527956767255,1.0,-3.0
1.0029876151693145,2.0,12.0,7.0,3.0,0.9981383025547067,5.0,-3.0
20.49790223973324,21.0,46.0,27.0,5.0,0.308906479913587,1.0,-2.0
4.643000508768073,6.0,43.0,15.0,5.0,0.2637457646156832,3.0,-4.0
2.4126495595274,3.0,97.0,10.0,5.0,0.15459826934145782,3.0,-3.0
8.688067295730551,9.0,14.0,11.0,3.0,0.026398939768367824,2.0,-1.0
80.3083254601922,81.0,36.0,15.0,2.0,0.419061940804357,1.0,-1.0
88.14882094779497,53.0,40.0,13.0,2.0,0.46126003662826165,3.0,-2.0
1.5127338737331213,3.0,15.0,8.0,7.0,0.46778903846025444,2.0,-3.0
23.734026256359734,24.0,25.0,23.0,4.0,0.09973078746155029,1.0,-1.0
4.871440242299314,6.0,15.0,12.0,0.0,0.422777132184902,1.0,-5.0
1.2512191991360497,2.0,37.0,33.0,5.0,0.7424116987839823,5.0,-2.0
10.854226927846224,12.0,91.0,78.0,4.0,0.6395380175192183,3.0,-2.0
30.336260352293074,21.0,27.0,17.0,6.0,0.7728996044543301,1.0,-5.0
69.46152876693266,73.0,79.0,44.0,0.0,0.2506460065528672,5.0,-1.0
47.06379846983432,48.0,50.0,34.0,0.0,0.06939409320205847,3.0,-1.0
9.62859345167819,11.0,68.0,36.0,6.0,0.8646869069837535,4.0,-1.0
20.019335972409426,21.0,52.0,18.0,1.0,0.5396716059599447,4.0,-1.0
212.4936328302191,104.0,85.0,82.0,4.0,0.10548836298362452,5.0,-1.0
236.8849336330908,66.0,44.0,25.0,5.0,0.6160415436377469,2.0,-3.0
48.240974970397296,49.0,72.0,20.0,6.0,0.6155843659126268,3.0,-2.0
47.84691414789426,46.0,75.0,72.0,1.0,0.37902518759862014,1.0,-3.0
4.563991666424245,6.0,54.0,38.0,3.0,0.8132128948028825,5.0,-3.0
0.4999615606621757,2.0,25.0,24.0,10.0,0.6666837521303186,5.0,-4.0
18.722633677865,20.0,68.0,35.0,2.0,0.6270954233592907,4.0,-2.0
21.86225033145739,22.0,82.0,30.0,8.0,0.24842479998108424,2.0,-2.0
12.895099915229709,14.0,38.0,16.0,9.0,0.6765186028922696,3.0,-1.0
51.599396934028086,27.0,59.0,50.0,7.0,0.3518507696794785,5.0,-4.0
10.62487139311562,12.0,77.0,63.0,10.0,0.0011704326666831522,5.0,-5.0
84.75687663204995,12.0,45.0,42.0,6.0,0.3972506336417533,5.0,-4.0
70.6554106063593,58.0,60.0,41.0,0.0,0.3456741273332459,4.0,-3.0
1508.3458522215233,21.0,23.0,19.0,0.0,0.797480683893284,1.0,-4.0
16.114925945713104,17.0,63.0,31.0,2.0,0.6642894513632835,4.0,-2.0
148.8700749275078,3.0,15.0,14.0,7.0,0.6588298554926629,2.0,-4.0
11.332219443528311,13.0,48.0,39.0,6.0,0.13599363561956646,4.0,-4.0
34.75397116507115,21.0,50.0,47.0,3.0,0.5334225186566741,2.0,-5.0
3.7856520335954227,4.0,37.0,22.0,2.0,0.8847032563679877,5.0,-4.0
5.1632449548192865,6.0,42.0,8.0,3.0,0.14737381948887218,5.0,-2.0
83.3281005035021,84.0,89.0,47.0,5.0,0.08266139164295716,5.0,-1.0
4.358747973686722,5.0,48.0,44.0,0.0,0.8453849599586053,2.0,-5.0
10.029370635362262,10.0,27.0,11.0,6.0,0.9421877800100732,2.0,-5.0
9.972788388668175,11.0,79.0,34.0,9.0,0.9390348296562218,5.0,-3.0
33.527511073950514,34.0,80.0,14.0,5.0,0.7937065286738763,3.0,-2.0
5.423794167990785,9.0,42.0,37.0,2.0,0.6152329864743978,4.0,-4.0
5.2094731486729025,7.0,47.0,29.0,3.0,0.0009092232940404177,5.0,-5.0
8.004428542513386,9.0,76.0,49.0,6.0,0.9216415927851174,4.0,-4.0
2.2225150537172227,3.0,48.0,45.0,9.0,0.8699644256611365,2.0,-3.0
67.29447728081135,69.0,89.0,35.0,5.0,0.4003490377177076,5.0,-2.0
20.797054435186855,23.0,80.0,71.0,3.0,0.35818839788163415,3.0,-1.0
60.603536091236755,59.0,69.0,6.0,2.0,0.7334993126722089,1.0,-3.0
29.09677414121209,17.0,65.0,3.0,1.0,0.6812022669939759,5.0,-4.0
1.5834014723785013,3.0,54.0,48.0,6.0,0.8486638263152491,5.0,-3.0
33.48979366269031,34.0,55.0,25.0,3.0,0.08577086035835035,3.0,-1.0
11.464431165018434,12.0,90.0,70.0,10.0,0.9361315383232065,2.0,-2.0
411.9540708342429,141.0,89.0,63.0,7.0,0.7233019759936371,2.0,-5.0
63.93131168847922,7.0,12.0,6.0,1.0,0.3843582123752952,3.0,-2.0
17.04576270258652,18.0,77.0,28.0,5.0,0.23581300860259302,4.0,-3.0
8.131723085316317,9.0,25.0,17.0,1.0,0.14748533381229134,4.0,-3.0
100.78203098787242,3.0,11.0,10.0,4.0,0.4925581972039217,4.0,-4.0
10.661637357495104,12.0,91.0,29.0,1.0,0.2637513038451925,4.0,-5.0
5.63312454928081,7.0,60.0,28.0,2.0,0.05492061738581999,2.0,-5.0
4.421075048585361,5.0,85.0,69.0,1.0,0.9523786585889223,4.0,-4.0
0.8814366959486394,2.0,25.0,22.0,0.0,0.800441783537738,5.0,-3.0
24.110205522590597,25.0,100.0,35.0,6.0,0.9565648274017454,3.0,-4.0
2.8217951037985247,4.0,76.0,19.0,7.0,0.07473879007563844,5.0,-5.0
97.72844526850237,80.0,69.0,38.0,0.0,0.3730239222782834,4.0,-3.0
152.6928954666535,19.0,41.0,15.0,10.0,0.7386109175175626,2.0,-5.0
1.678714858555498,3.0,50.0,45.0,6.0,0.9969241287266961,3.0,-4.0
7.3582740942292695,9.0,51.0,46.0,9.0,0.6698767923011067,2.0,-2.0
41.558576558932465,43.0,85.0,13.0,0.0,0.5623961720507499,1.0,-2.0
53.92219716266625,44.0,23.0,12.0,2.0,0.7346658740358599,1.0,-2.0
14.968118353324488,16.0,37.0,18.0,7.0,0.2530209376977989,3.0,-2.0
3.2213244444502798,5.0,20.0,7.0,0.0,0.13783012646347748,3.0,-3.0
19.125108030888537,20.0,82.0,52.0,8.0,0.11655990013288131,3.0,-3.0
8.889589657163203,7.0,23.0,12.0,10.0,0.8729004079345821,2.0,-4.0
27.76610785733825,29.0,91.0,42.0,1.0,0.21762566378376913,4.0,-3.0
20.156810225707133,17.0,34.0,29.0,4.0,0.10853205641127206,5.0,-2.0
1.8974235481700925,3.0,16.0,13.0,6.0,0.03453186666080732,5.0,-4.0
196.76377866035793,144.0,78.0,63.0,7.0,0.3430789544892163,3.0,-2.0
37.92131014736106,33.0,64.0,62.0,6.0,0.13081444323530955,2.0,-2.0
2.006676629203908,3.0,32.0,14.0,9.0,0.08471966972379874,3.0,-3.0
21.077268269696496,13.0,39.0,11.0,9.0,0.7612064851893853,3.0,-4.0
22.147175442269365,22.0,47.0,15.0,9.0,0.14581701837654115,4.0,-1.0
0.5631442919373556,2.0,53.0,11.0,10.0,0.05606404330240444,2.0,-2.0
1.1767291540552614,3.0,74.0,71.0,0.0,0.6936799602165625,5.0,-3.0
48.61725225050403,41.0,95.0,85.0,10.0,0.3841486383074312,4.0,-5.0
8.43867922564667,10.0,64.0,8.0,4.0,0.30519843465922303,3.0,-2.0
40.47148716980992,41.0,89.0,80.0,6.0,0.05718408049012025,1.0,-2.0
56.39245302953764,57.0,75.0,45.0,5.0,0.07267130683671219,3.0,-1.0
0.6104497440155646,2.0,56.0,54.0,3.0,0.7845341220974053,5.0,-3.0
14.025687324068489,15.0,68.0,37.0,6.0,0.9012787955033325,3.0,-5.0
8.121129212819156,9.0,26.0,14.0,1.0,0.49552540503993137,4.0,-1.0
8.101822658522025,8.0,45.0,42.0,3.0,0.561714508089617,3.0,-3.0
35.44149565490796,36.0,80.0,18.0,7.0,0.34481467561207857,1.0,-1.0
99.6285580488751,100.0,91.0,66.0,1.0,0.11585887529653649,2.0,-1.0
19.614962915106595,17.0,32.0,11.0,8.0,0.4617638838652923,2.0,-2.0
3.0052700547983986,4.0,60.0,57.0,7.0,0.7996492791195264,2.0,-3.0
5.854562617524116,7.0,99.0,27.0,7.0,0.17598454958995602,4.0,-5.0
28.363049300032134,30.0,51.0,33.0,6.0,0.26201430499955614,2.0,-2.0
36.34632625555493,38.0,45.0,36.0,2.0,0.41587262434466354,2.0,-1.0
28.60148391780888,18.0,25.0,22.0,6.0,0.6101471164400188,1.0,-3.0
6.232460887946288,8.0,79.0,19.0,4.0,0.43220767126378823,1.0,-5.0
41.50323790700218,43.0,78.0,34.0,6.0,0.4417846139881052,1.0,-2.0
5617.700171470677,1775.0,90.0,31.0,2.0,0.5052512592519293,1.0,-1.0
24.403712610960408,6.0,33.0,9.0,8.0,0.5655746612004621,3.0,-4.0
9.31030903961645,10.0,39.0,27.0,10.0,0.23481341107662446,2.0,-3.0
18.986360848887823,21.0,77.0,32.0,0.0,0.4143224493184374,3.0,-5.0
125.8410078666488,115.0,43.0,12.0,1.0,0.41544753051366234,2.0,-1.0
19.52904730549085,21.0,82.0,36.0,3.0,0.8172739605119538,4.0,-5.0
21.23771760436465,22.0,92.0,79.0,4.0,0.2447578454743614,1.0,-5.0
4.5783892839719265,6.0,47.0,15.0,4.0,0.11948166406430683,2.0,-3.0
72.76576091267357,73.0,57.0,20.0,4.0,0.3016961811047474,4.0,-1.0
71.67204514703687,6.0,13.0,8.0,6.0,0.32403170582571883,2.0,-1.0
39.663435196948825,40.0,40.0,7.0,1.0,0.9580001381381773,1.0,-3.0
20.659486991397085,22.0,89.0,28.0,9.0,0.9932340943786074,3.0,-4.0
136.90979009949066,136.0,75.0,25.0,3.0,0.8730407956416639,1.0,-4.0
57.068265834082595,39.0,56.0,51.0,3.0,0.5264836790977295,2.0,-4.0
57.55815824451884,59.0,78.0,20.0,4.0,0.667946073354201,3.0,-3.0
14.335905167219902,16.0,31.0,17.0,0.0,0.4690277104735162,2.0,-4.0
6.274268452182394,8.0,45.0,36.0,8.0,0.5724050293297409,4.0,-2.0
16.073270692001863,7.0,30.0,15.0,9.0,0.32833868169263125,5.0,-3.0
24.63496744620462,26.0,39.0,17.0,0.0,0.37860790803187705,4.0,-1.0
185.79361707374008,21.0,42.0,2.0,1.0,0.30382316226736183,3.0,-1.0
237.67019106518424,66.0,83.0,1.0,0.0,0.5862539803924237,2.0,-2.0
43.76247168760343,41.0,83.0,7.0,3.0,0.7473295591826843,3.0,-2.0
3.989093510443844,4.0,65.0,4.0,1.0,0.04958988842223422,4.0,-1.0
23.67424141249679,24.0,40.0,25.0,4.0,0.03765332069711225,2.0,-1.0
0.9231974458928167,2.0,37.0,12.0,9.0,0.21880303566877768,3.0,-5.0
7.257218855140893,5.0,16.0,13.0,6.0,0.6725738619774131,1.0,-5.0
5.709936397946136,7.0,57.0,15.0,10.0,0.3747778345482973,1.0,-2.0
15.043364948521178,16.0,75.0,34.0,5.0,0.5120399691243855,1.0,-5.0
15.901001955816055,17.0,96.0,23.0,0.0,0.941557952519006,5.0,-2.0
19.572470370676815,21.0,78.0,59.0,7.0,0.33474387373702175,2.0,-5.0
20.41771769583509,22.0,96.0,47.0,6.0,0.6285537795440929,5.0,-2.0
13.490728924762651,15.0,88.0,39.0,3.0,0.29143759391383883,3.0,-5.0
9.973881138213645,11.0,97.0,21.0,2.0,0.019004884122712506,3.0,-2.0
9.16028799722277,11.0,57.0,40.0,4.0,0.7319796059517191,4.0,-4.0
51.88681125059515,51.0,85.0,22.0,5.0,0.7767726722878865,3.0,-5.0
63.352727288323024,64.0,77.0,37.0,2.0,0.5437952014175964,2.0,-1.0
0.6579741895133275,1.0,10.0,8.0,7.0,0.12004588632129598,2.0,-2.0
71.3658247344758,72.0,91.0,72.0,8.0,0.03440407114507604,2.0,-1.0
6.746149476335607,7.0,17.0,11.0,10.0,0.9446981215763912,1.0,-1.0
30.106775455028593,31.0,97.0,56.0,0.0,0.26749419709672617,4.0,-4.0
0.3808221211218104,2.0,32.0,7.0,6.0,0.33915744590592567,2.0,-5.0
13.006666882453743,14.0,81.0,31.0,5.0,0.42871787835563746,2.0,-5.0
9.305534581398781,10.0,27.0,20.0,1.0,0.27974347902008023,3.0,-4.0
45.12184994255546,14.0,29.0,13.0,5.0,0.6220850557842489,3.0,-4.0
13.783239865998166,15.0,61.0,46.0,5.0,0.6960927461136684,2.0,-1.0
12.920703691439812,13.0,75.0,73.0,6.0,0.5773951654554633,1.0,-1.0
1.6172651540957061,3.0,23.0,16.0,9.0,0.888049096574401,5.0,-1.0
2.7051133811127546,3.0,97.0,8.0,6.0,0.31516486388665754,2.0,-2.0
41.09980536839531,11.0,47.0,8.0,6.0,0.5498788447899399,5.0,-4.0
2.1730235864224925,3.0,44.0,5.0,3.0,0.2699058569248374,2.0,-2.0
25.02366904881926,26.0,84.0,44.0,9.0,0.20044140433979152,1.0,-2.0
4601.773869013632,91.0,97.0,55.0,9.0,0.4990003854750503,5.0,-5.0
8.588703106773611,9.0,30.0,26.0,6.0,0.11189328681015298,3.0,-3.0
8.155512043568285,9.0,42.0,40.0,5.0,0.6226164580050659,1.0,-1.0
12.88550699366491,14.0,47.0,24.0,9.0,0.45897536264241157,1.0,-3.0
13.523766188133447,15.0,69.0,35.0,1.0,0.27621193742256656,4.0,-5.0
11.744466596659063,14.0,41.0,28.0,6.0,0.6844840418110616,3.0,-3.0
32.895517819702626,34.0,87.0,17.0,4.0,0.22925848321493947,5.0,-2.0
7.048813102346756,8.0,41.0,9.0,8.0,0.923295230354603,5.0,-1.0
14.839775905040367,16.0,60.0,48.0,3.0,0.3279348658637129,1.0,-5.0
17.026785948916174,18.0,52.0,28.0,0.0,0.9156491095182521,2.0,-5.0
2.6389157878494522,3.0,65.0,15.0,9.0,0.18158474139017367,1.0,-3.0
20.380066527597098,20.0,38.0,24.0,9.0,0.21066445015698576,4.0,-2.0
21.72902367643814,20.0,58.0,7.0,1.0,0.8163434653598656,4.0,-5.0
3.035004967103329,4.0,40.0,25.0,5.0,0.9942331285314603,5.0,-5.0
3.0281586323675165,4.0,91.0,24.0,9.0,0.007749107567255775,1.0,-5.0
123.52877945302421,55.0,57.0,56.0,5.0,0.11742814876691243,4.0,-1.0
37.71695534776575,9.0,18.0,13.0,5.0,0.35757876039443415,3.0,-2.0
18.38752708866422,7.0,14.0,13.0,6.0,0.15482678874861522,3.0,-1.0
0.25356833179213695,2.0,8.0,7.0,0.0,0.9906183558309059,4.0,-2.0
0.9380321424264862,2.0,21.0,18.0,8.0,0.9109094056603847,4.0,-5.0
6.28081830618632,6.0,9.0,5.0,3.0,0.8184298450458424,1.0,-1.0
10.502833269596254,12.0,61.0,24.0,8.0,0.7538098220776945,5.0,-1.0
285.7900477088038,282.0,86.0,54.0,10.0,0.7039901030570588,1.0,-2.0
48.677854822712455,49.0,90.0,84.0,0.0,0.09145643807344683,1.0,-2.0
4.154865204775662,5.0,60.0,56.0,8.0,0.9925453560034796,1.0,-4.0
9.708426482525553,8.0,30.0,11.0,10.0,0.791412553500788,3.0,-2.0
34.57822966455577,36.0,100.0,81.0,7.0,0.38736967005193335,3.0,-1.0
12.276484152271324,13.0,44.0,11.0,1.0,0.030905756132822204,5.0,-1.0
0.8508714067658115,2.0,72.0,69.0,1.0,0.9322567389057385,4.0,-3.0
9.618568496757533,11.0,76.0,32.0,3.0,0.14071404834192702,3.0,-4.0
1.5231824770065445,3.0,12.0,7.0,4.0,0.010146508973371882,1.0,-2.0
31.83088240957891,33.0,47.0,27.0,6.0,0.5427735424008789,2.0,-1.0
6.3869174813819205,8.0,55.0,48.0,6.0,0.5239975904027739,3.0,-1.0
46.277681730297765,47.0,68.0,33.0,10.0,0.5854346968946925,2.0,-1.0
29.452596130464105,29.0,43.0,21.0,9.0,0.7493926029647651,2.0,-3.0
2.531686433215395,3.0,10.0,4.0,3.0,0.30250318781976104,1.0,-1.0
1.3361547541115038,1.0,7.0,6.0,3.0,0.3935358705623998,2.0,-5.0
1.4317531410481998,2.0,81.0,79.0,10.0,0.8492222127300139,2.0,-2.0
14.560027743838932,16.0,96.0,54.0,8.0,0.6474349813398338,5.0,-1.0
170.13271679992042,170.0,68.0,32.0,0.0,0.7371998376270308,1.0,-2.0
5.292827175713494,6.0,42.0,10.0,5.0,0.21106505714213197,3.0,-2.0
3.467304574608764,3.0,14.0,8.0,7.0,0.682612701804327,3.0,-1.0
14.957474209655231,15.0,79.0,68.0,4.0,0.9118060943047761,1.0,-2.0
5.894889427017795,6.0,48.0,14.0,6.0,0.16072306787749313,2.0,-2.0
49.13495178370783,46.0,94.0,4.0,2.0,0.7079225008512281,3.0,-1.0
7.673899283011511,6.0,22.0,18.0,6.0,0.2051796884581849,4.0,-3.0
24.149974373201264,25.0,92.0,49.0,8.0,0.5561080383399183,4.0,-1.0
2.1585083128880167,3.0,14.0,11.0,3.0,0.058747353231524024,1.0,-4.0
1.4745866399691543,3.0,100.0,6.0,5.0,0.33046096226314003,2.0,-2.0
97.2435566915338,96.0,91.0,14.0,4.0,0.3583652482894093,4.0,-1.0
1.900354439793791,4.0,97.0,96.0,5.0,0.7052435250035263,2.0,-3.0
660.8721674470494,493.0,93.0,15.0,2.0,0.3726752836842432,2.0,-1.0
20.249654734214023,21.0,86.0,77.0,7.0,0.09052515611762268,2.0,-4.0
1.7057168451202538,1.0,9.0,6.0,4.0,0.6798273329716774,4.0,-3.0
6.165722696604099,3.0,16.0,8.0,3.0,0.6997217681194879,4.0,-5.0
1.6423541359569889,1.0,4.0,3.0,1.0,0.45111025981748043,5.0,-3.0
5.26829087412074,6.0,90.0,79.0,0.0,0.8697090971200914,3.0,-4.0
65.9940323397282,58.0,57.0,10.0,7.0,0.5707285357664386,2.0,-1.0
276.4488963995311,98.0,28.0,15.0,0.0,0.3152468078846158,2.0,-1.0
4.356848021915449,5.0,27.0,19.0,10.0,0.214920716517768,5.0,-4.0
7.457219663957372,8.0,55.0,18.0,4.0,0.2806561751269867,1.0,-3.0
6.812874939382667,8.0,72.0,65.0,2.0,0.805493277427878,2.0,-3.0
23.48956854069357,24.0,86.0,14.0,10.0,0.8441984000633194,4.0,-2.0
5.6885486978814095,6.0,100.0,8.0,4.0,0.14841647558631932,1.0,-1.0
23.850803707097135,27.0,58.0,42.0,7.0,0.6118061554409239,3.0,-3.0
21.376957933345462,18.0,40.0,16.0,3.0,0.6403380223394819,4.0,-4.0
32.48386826841593,13.0,44.0,8.0,6.0,0.5180403993274963,4.0,-2.0
0.9121020170393618,4.0,84.0,7.0,6.0,0.5576616303692571,2.0,-5.0
4.432711849703592,6.0,56.0,43.0,5.0,0.9887903252298135,3.0,-3.0
0.9249831820928726,2.0,28.0,3.0,0.0,0.1261162980981302,2.0,-4.0
5.35319640251107,6.0,40.0,26.0,6.0,0.9038149802159743,3.0,-1.0
1.0374852593730495,2.0,13.0,10.0,3.0,0.9783214697070289,3.0,-2.0
5.207825739874593,6.0,99.0,14.0,1.0,0.06296959015776693,5.0,-3.0
0.9375582111738542,2.0,74.0,71.0,6.0,0.6999668863660743,5.0,-1.0
2.515480299220241,4.0,45.0,13.0,10.0,0.46789746932690135,2.0,-4.0
47.23184700547328,43.0,60.0,40.0,7.0,0.4716169821477326,3.0,-4.0
374.97970266131233,226.0,76.0,29.0,6.0,0.8542233529203629,1.0,-5.0
59.62933988001259,62.0,91.0,33.0,1.0,0.692670285921692,1.0,-4.0
73.39557786947026,74.0,67.0,29.0,8.0,0.2379597399480603,2.0,-1.0
116.78413164940469,117.0,72.0,20.0,8.0,0.7226329864579041,1.0,-1.0
14.347600545438805,13.0,34.0,11.0,6.0,0.800436500336854,3.0,-4.0
1.51933323772607,3.0,15.0,9.0,7.0,0.8949100731173353,5.0,-5.0
15.630560637147692,17.0,79.0,63.0,6.0,0.22554963186953303,1.0,-5.0
45.478503864636366,47.0,90.0,58.0,0.0,0.34493444123565276,2.0,-3.0
2.9507003906876914,3.0,30.0,28.0,0.0,0.7796341961336779,2.0,-4.0
6.741193661900381,8.0,58.0,36.0,7.0,0.877252830467764,4.0,-2.0
78.82110645965345,10.0,18.0,17.0,3.0,0.6074608666433516,1.0,-2.0
236.35938291051994,92.0,74.0,24.0,7.0,0.4880126047951058,3.0,-3.0
13.181840894574156,14.0,90.0,37.0,4.0,0.2137937196662364,3.0,-4.0
6.270219833594915,7.0,13.0,12.0,6.0,0.021547875574243536,1.0,-1.0
2.0959526706924665,3.0,22.0,15.0,9.0,0.2671674923832068,3.0,-5.0
8.400164924930316,9.0,35.0,27.0,2.0,0.11376310632764297,5.0,-4.0
29.007273014747465,31.0,97.0,74.0,8.0,0.5325449547632288,5.0,-4.0
18.826214176697118,20.0,58.0,21.0,9.0,0.5930689373097454,4.0,-1.0
5.041459781081339,6.0,68.0,13.0,5.0,0.3447368605979413,3.0,-4.0
10.737797655167714,12.0,82.0,39.0,1.0,0.889393951895668,5.0,-4.0
64.57441770961505,65.0,70.0,55.0,10.0,0.15156480231567337,1.0,-1.0
15.9663121341835,15.0,42.0,4.0,0.0,0.7685730133424656,4.0,-3.0
34.05129247813667,17.0,52.0,39.0,9.0,0.5381776991529673,5.0,-5.0
13.438190915671672,15.0,76.0,47.0,4.0,0.225020565734659,3.0,-5.0
10.684467541462432,12.0,62.0,24.0,7.0,0.20127218140285896,4.0,-3.0
31.446724349955122,33.0,82.0,50.0,10.0,0.5456014842445294,1.0,-4.0
34.23181388569384,35.0,33.0,23.0,8.0,0.28090556273051015,1.0,-1.0
24.81405988518522,25.0,72.0,46.0,2.0,0.8412988450922725,2.0,-4.0
40.14952527769722,41.0,98.0,37.0,0.0,0.8798301448030138,2.0,-2.0
64.17920053859918,37.0,89.0,86.0,9.0,0.5428906219865466,2.0,-5.0
0.2754412178973884,2.0,60.0,59.0,7.0,0.8043626708312952,5.0,-2.0
32.042929346895384,26.0,30.0,23.0,0.0,0.45644258831018236,2.0,-3.0
3.660471838645216,4.0,48.0,36.0,8.0,0.8968951283161565,4.0,-3.0
2.9733181342943458,4.0,20.0,14.0,8.0,0.7168496478633853,4.0,-3.0
6.550571110669148,8.0,34.0,21.0,10.0,0.045822443479472064,5.0,-2.0
2.613715284391772,1.0,4.0,3.0,2.0,0.8456492857094711,1.0,-3.0
16.018611466371734,13.0,42.0,41.0,10.0,0.21295022274459852,2.0,-3.0
11.39668112487981,9.0,32.0,4.0,3.0,0.7428092689615561,4.0,-2.0
15.605874650513707,13.0,58.0,12.0,9.0,0.5439663856703819,3.0,-4.0
18.537459703866126,19.0,53.0,26.0,1.0,0.6456510246351012,5.0,-5.0
38.67384723462344,6.0,18.0,14.0,1.0,0.6379286335793447,3.0,-5.0
20.747440520744338,22.0,43.0,20.0,9.0,0.4217140950663619,4.0,-1.0
11.9278955036556,13.0,72.0,34.0,8.0,0.364047153296545,1.0,-4.0
16140.314550404542,57.0,44.0,9.0,0.0,0.4004336966282869,3.0,-2.0
120.40321246702608,123.0,93.0,53.0,2.0,0.7152846523692763,1.0,-4.0
57.31719608188393,6.0,22.0,12.0,8.0,0.7392096729966491,2.0,-5.0
14.949911875804917,16.0,78.0,22.0,8.0,0.9576402463686196,4.0,-2.0
5.250616612154964,7.0,21.0,9.0,3.0,0.5714554139751798,1.0,-4.0
4209.226557031443,213.0,92.0,37.0,7.0,0.6654787999808862,2.0,-4.0
31.421623376967037,32.0,31.0,17.0,10.0,0.7227765229065537,1.0,-1.0
73.88180119661007,19.0,40.0,19.0,9.0,0.5355297239304507,4.0,-4.0
1.5825136791412506,2.0,14.0,12.0,5.0,0.8948303057671151,2.0,-5.0
19.937964268694262,19.0,41.0,9.0,1.0,0.5149969000184167,5.0,-2.0
17.593211940591676,1.0,15.0,12.0,10.0,0.4633911458460376,5.0,-4.0
49.9738677069858,53.0,92.0,56.0,5.0,0.38862521454235854,5.0,-2.0
7.831015064688226,6.0,21.0,20.0,10.0,0.18075658399981231,2.0,-2.0
34.337496381645195,16.0,45.0,2.0,0.0,0.6565344176599072,4.0,-4.0
3.949160628754521,6.0,45.0,8.0,3.0,0.45565136197997214,2.0,-4.0
16.74759214695414,18.0,90.0,31.0,10.0,0.2494412005555997,4.0,-3.0
1.6990859966078127,3.0,74.0,68.0,8.0,0.9414137962983382,4.0,-4.0
6.564516355947115,9.0,50.0,41.0,10.0,0.6713759154519903,4.0,-4.0
174.50581004763472,175.0,62.0,39.0,3.0,0.3968515719041873,1.0,-1.0
12.985886022847748,14.0,100.0,53.0,8.0,0.8027591529241475,5.0,-2.0
54.89994136205067,54.0,93.0,53.0,7.0,0.35134578196310084,5.0,-4.0
14.466830359121778,15.0,35.0,17.0,1.0,0.8110563881854475,2.0,-2.0
8.025100109323764,9.0,71.0,31.0,1.0,0.18024698239063985,2.0,-5.0
4.238041211709684,5.0,27.0,25.0,4.0,0.6943832256502844,2.0,-3.0
7.0482677373052445,8.0,34.0,22.0,9.0,0.6336162215431256,5.0,-4.0
13.456374149485447,15.0,54.0,32.0,0.0,0.5269825846933849,4.0,-1.0
3.1316172724623863,4.0,23.0,14.0,7.0,0.7747828816209915,4.0,-1.0
12.550613337192233,14.0,56.0,27.0,3.0,0.8621288094990862,3.0,-2.0
120.6130964659188,121.0,96.0,34.0,4.0,0.7570201819564392,1.0,-1.0
121.78288786084848,101.0,46.0,7.0,1.0,0.44008067878020807,2.0,-1.0
23.795096098198762,25.0,95.0,65.0,9.0,0.3780819869721027,2.0,-5.0
1.651654009188688,2.0,20.0,18.0,0.0,0.7369691208274353,2.0,-1.0
24.892316738685818,14.0,17.0,11.0,4.0,0.3102595578284929,3.0,-1.0
96.58011385706529,98.0,90.0,22.0,3.0,0.2840131149231495,5.0,-1.0
225.95319919926013,60.0,52.0,17.0,9.0,0.6309798667370359,2.0,-3.0
225.69520738244262,31.0,52.0,47.0,9.0,0.47193855639742743,3.0,-3.0
27.895807153388134,29.0,76.0,27.0,5.0,0.5366480536999094,5.0,-2.0
8.001439565427626,9.0,94.0,25.0,7.0,0.30560053388151354,4.0,-5.0
0.31988652753066316,2.0,18.0,6.0,5.0,0.3123152462221448,1.0,-5.0
7.181418574249778,8.0,48.0,19.0,8.0,0.09365384049768644,3.0,-2.0
17.96885301722141,7.0,9.0,6.0,2.0,0.2591308601952058,2.0,-1.0
33.793640394840295,35.0,60.0,35.0,1.0,0.434946040940717,3.0,-1.0
49.26155753128097,49.0,67.0,60.0,6.0,0.22595263575603486,2.0,-2.0
5.844332581313603,7.0,91.0,71.0,5.0,0.9357909701737195,4.0,-5.0
1.6557182054647164,2.0,87.0,3.0,2.0,0.13201083036564054,2.0,-1.0
10.741166917360124,1.0,17.0,14.0,10.0,0.518228711876532,3.0,-4.0
16.81347811487611,18.0,78.0,50.0,5.0,0.18908225470284867,3.0,-4.0
7.640154370514585,8.0,74.0,43.0,9.0,0.06109201534788122,4.0,-5.0
13.306278150229733,14.0,71.0,46.0,6.0,0.3323167010790642,1.0,-5.0
2.112639415576701,4.0,18.0,17.0,3.0,0.5591676928293406,4.0,-4.0
1.0893457399239486,2.0,29.0,8.0,7.0,0.04100889949328035,1.0,-1.0
15.88504570825554,17.0,73.0,69.0,6.0,0.12925071827729628,3.0,-5.0
18.578987138829078,18.0,73.0,72.0,4.0,0.0424938971923039,4.0,-4.0
16.10893409934738,17.0,49.0,33.0,6.0,0.9986475318767144,1.0,-4.0
30.099225720241453,31.0,91.0,40.0,5.0,0.7117994681741222,4.0,-4.0
32.73458811290781,33.0,53.0,34.0,2.0,0.0056101829536855385,3.0,-1.0
9.481676682570717,11.0,72.0,56.0,10.0,0.018567172505503216,3.0,-5.0
4.845030933948661,6.0,85.0,11.0,2.0,0.03560668018970348,2.0,-2.0
10.448902961542384,11.0,93.0,78.0,3.0,0.7392595671719178,3.0,-3.0
33.17983719645196,26.0,48.0,15.0,10.0,0.49909665421509264,4.0,-2.0
307.00872006211256,308.0,96.0,21.0,2.0,0.6221463676745507,1.0,-1.0
5.465815711040403,7.0,90.0,22.0,7.0,0.1793814816357734,3.0,-4.0
25.32471400396133,27.0,35.0,23.0,6.0,0.2947690860250026,4.0,-1.0
22.29215501675864,23.0,56.0,40.0,6.0,0.5725804285255154,2.0,-1.0
14.057196814648439,15.0,37.0,27.0,1.0,0.3584022672653763,2.0,-4.0
68.98957118672735,69.0,95.0,34.0,8.0,0.9613972032328251,1.0,-2.0
0.6246959732002041,3.0,28.0,3.0,2.0,0.4798442625211168,1.0,-4.0
4.347529557476014,5.0,86.0,21.0,3.0,0.08597176253702088,5.0,-5.0
12.946393557306063,13.0,62.0,38.0,9.0,0.96344952927945,2.0,-2.0
1.8359065353420627,3.0,73.0,66.0,3.0,0.8304043234419862,5.0,-2.0
7.778861139890203,9.0,92.0,34.0,0.0,0.08988289107097636,2.0,-5.0
37.58708324990987,11.0,25.0,12.0,6.0,0.5576439159234805,3.0,-3.0
35.48653293908979,26.0,42.0,6.0,4.0,0.503617337468495,3.0,-1.0
8.506928420202062,9.0,29.0,25.0,3.0,0.6940409934683567,2.0,-3.0
25.175085251650156,3.0,21.0,14.0,10.0,0.5278052683040713,5.0,-5.0
17.255561149716694,18.0,31.0,14.0,9.0,0.42755958562260243,2.0,-2.0
7.689386850864946,9.0,66.0,48.0,4.0,0.7629841224963444,4.0,-3.0
0.520761074754148,2.0,36.0,34.0,3.0,0.8343618317106369,5.0,-2.0
10.187381706625063,11.0,47.0,24.0,10.0,0.5429491545251944,5.0,-1.0
25.894448666382583,27.0,69.0,34.0,4.0,0.5946267842575964,5.0,-4.0
21.760203596749353,24.0,73.0,50.0,6.0,0.43671077208011744,5.0,-2.0
82.77553639939573,80.0,66.0,16.0,10.0,0.9010108003370335,1.0,-3.0
35.33695952524586,33.0,87.0,74.0,7.0,0.310396817099861,5.0,-5.0
38.81535544755772,26.0,37.0,24.0,4.0,0.640677143033467,2.0,-5.0
8.31502281280467,9.0,41.0,15.0,2.0,0.7918745061443548,5.0,-4.0
11.45090132873296,12.0,44.0,27.0,10.0,0.9263713273612179,2.0,-5.0
7.798344281542386,8.0,21.0,15.0,9.0,0.11530295512848932,1.0,-1.0
5.876199805211439,7.0,42.0,16.0,10.0,0.942462830772727,5.0,-5.0
19.845681317723898,18.0,32.0,18.0,9.0,0.7410886305777449,2.0,-3.0
2.532679315668226,4.0,16.0,12.0,2.0,0.008602040657380239,2.0,-4.0
173.64675397076869,174.0,89.0,48.0,2.0,0.24503146196109615,2.0,-1.0
1.6097932277532285,3.0,34.0,13.0,5.0,0.003379739702794371,4.0,-5.0
3.6560481023118143,5.0,79.0,72.0,10.0,0.8643294550601549,3.0,-5.0
0.6382037467612738,2.0,13.0,10.0,6.0,0.9625866475291508,5.0,-3.0
2.7649568650401144,4.0,29.0,18.0,7.0,0.8722952805829943,5.0,-3.0
6.39166084867524,7.0,55.0,43.0,6.0,0.9591487660825624,2.0,-1.0
3.9162947491879674,4.0,28.0,7.0,5.0,0.24821886808465687,4.0,-2.0
1.1872940129153668,2.0,47.0,9.0,6.0,0.0788743187778197,3.0,-3.0
14.496975267930258,16.0,45.0,21.0,3.0,0.4425862930765062,5.0,-1.0
12.149102631208224,13.0,45.0,15.0,3.0,0.5020454546552985,2.0,-4.0
0.852189718371102,1.0,14.0,11.0,9.0,0.294789416946205,4.0,-5.0
18.870799599199803,19.0,26.0,19.0,5.0,0.5645282619530115,1.0,-3.0
4.777360897542653,6.0,46.0,11.0,1.0,0.15113235059885155,3.0,-3.0
11.689227236093293,13.0,67.0,26.0,6.0,0.7512505057277962,5.0,-1.0
1.5588263091171672,3.0,25.0,7.0,1.0,0.025158376646629343,2.0,-4.0
14.707121168249333,16.0,51.0,28.0,10.0,0.8909670651529998,2.0,-2.0
74.5025025503655,65.0,81.0,34.0,3.0,0.44798832431997293,4.0,-4.0
0.8083705570493562,1.0,4.0,3.0,1.0,0.10517742573400357,2.0,-3.0
585.7119214117585,12.0,42.0,39.0,6.0,0.49060971819261734,3.0,-3.0
18.179412255598205,19.0,74.0,32.0,3.0,0.20068413031285126,4.0,-3.0
15.423468343285968,17.0,79.0,20.0,8.0,0.5554912207016045,1.0,-3.0
15.78262585117294,17.0,64.0,40.0,6.0,0.12081890988760757,4.0,-3.0
66.98368580065761,68.0,100.0,63.0,7.0,0.5409938840680732,1.0,-3.0
2.9871564130665647,4.0,51.0,48.0,7.0,0.8577570861552122,2.0,-5.0
10.394001672135305,6.0,21.0,13.0,2.0,0.43796636702398073,4.0,-5.0
4.693071757759066,5.0,63.0,13.0,1.0,0.1803799137483788,4.0,-4.0
2.646385617040591,4.0,80.0,73.0,5.0,0.6075195261873175,5.0,-1.0
27.511323414808608,29.0,95.0,61.0,7.0,0.22635242794877997,5.0,-4.0
35.06771962842552,36.0,79.0,13.0,5.0,0.9831532519664002,2.0,-5.0
14.065787136023566,6.0,25.0,3.0,2.0,0.5705098547565133,5.0,-3.0
40.391059952151274,42.0,98.0,84.0,7.0,0.4187275100419894,1.0,-4.0
14.498340873146894,13.0,40.0,28.0,1.0,0.60346011403127,4.0,-4.0
4.871179654071413,6.0,24.0,7.0,5.0,0.9149857326582456,4.0,-2.0
8.562429301355627,10.0,98.0,81.0,1.0,0.9975696421674106,2.0,-4.0
403.12868844240126,68.0,91.0,36.0,10.0,0.5136432860217683,5.0,-5.0
2.426480720240346,4.0,14.0,11.0,5.0,0.4212138420641224,1.0,-5.0
123.6196775992379,27.0,44.0,19.0,8.0,0.4574618822660804,4.0,-3.0
6.068264790399184,7.0,96.0,84.0,0.0,0.7443752627186615,3.0,-1.0
9.472094274008674,10.0,37.0,25.0,8.0,0.029322049919567883,5.0,-2.0
16.35067135743208,13.0,49.0,12.0,7.0,0.8069893359331689,4.0,-5.0
1.0332541090038216,1.0,17.0,13.0,10.0,0.2329501766573232,4.0,-5.0
0.8839215412738555,2.0,29.0,3.0,1.0,0.39105082026725746,2.0,-5.0
16.7349897197734,18.0,36.0,32.0,1.0,0.049197907715241795,1.0,-2.0
1397.432768449432,38.0,33.0,7.0,3.0,0.25465138656166786,3.0,-1.0
48.83094736985841,37.0,77.0,10.0,6.0,0.5620134484678484,4.0,-2.0
106.04569930947424,107.0,69.0,38.0,9.0,0.43163324823911764,2.0,-2.0
5.267422689781064,7.0,63.0,17.0,1.0,0.19624613511574807,5.0,-5.0
240.41934054359862,113.0,74.0,33.0,6.0,0.310076480718646,5.0,-2.0
1451.4202861165752,17.0,27.0,16.0,8.0,0.4015157566840176,3.0,-2.0
4.587507857663844,6.0,25.0,15.0,3.0,0.529972129758648,5.0,-1.0
4.920257931457254,6.0,90.0,79.0,7.0,0.8726091922157315,3.0,-3.0
16.497937353108217,17.0,47.0,20.0,5.0,0.030265144081299433,2.0,-1.0
16.70082261617514,18.0,98.0,67.0,7.0,0.6506884435339515,5.0,-4.0
0.8381498874546236,2.0,20.0,9.0,8.0,0.11527085430014383,5.0,-2.0
7.340031610332076,8.0,17.0,9.0,5.0,0.5224783905814155,3.0,-1.0
2.1869334788473345,4.0,18.0,13.0,4.0,0.7143843993093125,4.0,-2.0
1.486592717546069,2.0,12.0,6.0,3.0,0.2454905999821987,1.0,-3.0
21.118684584536243,22.0,68.0,18.0,3.0,0.09657616316085227,2.0,-1.0
0.7187804799989934,1.0,5.0,2.0,0.0,0.2771886626632514,3.0,-5.0
1.9811042633680331,1.0,13.0,10.0,9.0,0.7877581389813783,3.0,-4.0
10.292954504086838,11.0,56.0,42.0,9.0,0.08821371737664196,5.0,-4.0
22.73138521443126,24.0,86.0,48.0,0.0,0.583962188410076,5.0,-3.0
19.873751824168,21.0,64.0,40.0,9.0,0.7439461443008473,3.0,-4.0
13.6910758219911,15.0,34.0,31.0,8.0,0.08001839484636097,2.0,-2.0
4.711854937879137,5.0,20.0,12.0,3.0,0.9568350197979839,2.0,-5.0
1.9339903967682417,3.0,20.0,15.0,4.0,0.9407611779809659,3.0,-4.0
1.0776816256440775,2.0,14.0,9.0,1.0,0.9485127386978566,5.0,-2.0
8.906786844295901,9.0,38.0,24.0,0.0,0.050904263240375336,3.0,-3.0
187.4706243505543,88.0,79.0,36.0,7.0,0.6536711585808196,3.0,-5.0
115.69192468386557,25.0,35.0,16.0,2.0,0.4112841372979442,4.0,-3.0
50.32740397196049,54.0,93.0,52.0,5.0,0.6018331881941567,4.0,-4.0
14.887481222536897,16.0,70.0,57.0,6.0,0.7341521108043482,3.0,-5.0
74.47340546976666,69.0,76.0,34.0,7.0,0.43957574557501833,3.0,-3.0
1.6690879676108268,6.0,86.0,85.0,8.0,0.43318826602764626,4.0,-2.0
3.371861980122317,2.0,18.0,14.0,7.0,0.6482860220695813,4.0,-4.0
67.01632806112615,61.0,86.0,50.0,6.0,0.4179304483083077,4.0,-4.0
3.7482379386157656,5.0,87.0,24.0,10.0,0.029434623555105066,5.0,-4.0
50.03679775829076,26.0,69.0,63.0,10.0,0.4378643931966866,4.0,-5.0
36.202329904025724,12.0,25.0,9.0,6.0,0.2403267508031336,5.0,-1.0
53.161024654253644,28.0,53.0,33.0,7.0,0.3901022095519171,5.0,-4.0
47.230121922406646,22.0,34.0,11.0,2.0,0.6409967654533998,3.0,-4.0
13.267689556311609,14.0,79.0,33.0,8.0,0.30224616734303134,3.0,-4.0
123.57427116090908,42.0,61.0,53.0,4.0,0.29496262788228444,5.0,-2.0
16.242726770329885,17.0,99.0,74.0,7.0,0.846383478864045,2.0,-1.0
83.21174757869645,43.0,73.0,68.0,8.0,0.611278280589862,2.0,-5.0
0.6094472670379989,2.0,11.0,2.0,1.0,0.2265281580854558,3.0,-3.0
47.46610309332429,48.0,54.0,47.0,10.0,0.073498787634807,2.0,-1.0
4.850234298484736,6.0,34.0,17.0,8.0,0.44920279115436035,2.0,-5.0
11.561934018395284,13.0,88.0,54.0,3.0,0.09816221174793793,1.0,-5.0
2.2653898899779095,3.0,83.0,82.0,4.0,0.7207125591104654,1.0,-1.0
25.107726848821105,26.0,56.0,32.0,9.0,0.9852936793058307,1.0,-2.0
8.138964127701126,9.0,77.0,46.0,0.0,0.8014730849775441,5.0,-1.0
1.5490227398460117,3.0,18.0,13.0,6.0,0.06012772440836878,3.0,-5.0
2.9374384101836104,3.0,20.0,10.0,6.0,0.8005408371002632,5.0,-3.0
0.5730365634629124,2.0,24.0,10.0,8.0,0.16775792379657495,4.0,-5.0
18.748560850763145,20.0,78.0,65.0,10.0,0.016610375620360385,1.0,-3.0
23.679863171697868,24.0,70.0,58.0,5.0,0.34522642394664727,3.0,-5.0
50.640280349047664,47.0,35.0,25.0,0.0,0.37658046209616736,2.0,-2.0
2.629654791249216,3.0,28.0,11.0,2.0,0.15774975369582422,5.0,-5.0
11.135902343542648,9.0,45.0,44.0,4.0,0.2346690795530859,1.0,-5.0
2.250272576659459,4.0,20.0,18.0,9.0,9.690440608356443e-5,1.0,-4.0
12.114727546072238,13.0,61.0,55.0,7.0,0.0042089283710785574,5.0,-4.0
13.432027908122162,15.0,59.0,22.0,6.0,0.42320191618418557,4.0,-5.0
2.090179636162024,3.0,42.0,34.0,9.0,0.9808246920021538,4.0,-5.0
30.37215563522611,31.0,66.0,62.0,2.0,0.00816878985466718,1.0,-2.0
27.751290935330573,15.0,63.0,62.0,10.0,0.31262132950435817,5.0,-5.0
21.386769624427682,22.0,97.0,82.0,7.0,0.06164487836947563,4.0,-4.0
3.832436133123182,5.0,32.0,21.0,6.0,0.8117061671264664,4.0,-2.0
0.865903817799434,1.0,8.0,6.0,4.0,0.08628433105268218,5.0,-3.0
0.49256429027540405,2.0,30.0,29.0,6.0,0.6060383668661311,4.0,-1.0
3.3190397198216677,4.0,100.0,91.0,1.0,0.9519379479075939,3.0,-3.0
1.4819895618128718,2.0,22.0,7.0,6.0,0.08130785368408211,3.0,-1.0
29.65275965515997,4.0,20.0,13.0,6.0,0.4706739686716249,5.0,-4.0
10.128063677372708,11.0,47.0,29.0,1.0,0.6943100027158727,3.0,-1.0
10.130628821029172,11.0,47.0,24.0,1.0,0.3459314440134935,1.0,-4.0
206.83430348440558,72.0,56.0,23.0,8.0,0.3599246671079781,4.0,-2.0
40.60126346512374,42.0,86.0,44.0,5.0,0.806890113338851,2.0,-3.0
57.53326146858436,49.0,78.0,38.0,8.0,0.6328055554859663,4.0,-5.0
194.96611447020726,91.0,89.0,16.0,8.0,0.7677748626790625,2.0,-5.0
14.389706994163767,15.0,40.0,27.0,8.0,0.3828016789291908,3.0,-4.0
54.214189254814414,9.0,13.0,9.0,3.0,0.7223319665825899,1.0,-3.0
21.11885526342731,22.0,62.0,40.0,3.0,0.8083446259333821,2.0,-3.0
9.322994690938497,11.0,66.0,13.0,0.0,0.20069978275548928,5.0,-3.0
61.53566027150441,53.0,67.0,11.0,5.0,0.3183402376034745,5.0,-1.0
4.428443870820669,6.0,41.0,25.0,8.0,0.03223595032945059,1.0,-4.0
25.15463975811106,27.0,71.0,27.0,3.0,0.6091803322902984,1.0,-4.0
31.26811620910063,32.0,93.0,18.0,5.0,0.7998261851563476,4.0,-4.0
16.206838537575884,17.0,46.0,33.0,10.0,0.11616919676624116,3.0,-2.0
49.661885785599615,41.0,97.0,88.0,10.0,0.2699310015985079,5.0,-4.0
47.28571236544561,48.0,86.0,18.0,4.0,0.7396777539427587,3.0,-3.0
1119.3665850643667,198.0,70.0,68.0,5.0,0.4718590849322265,1.0,-1.0
25.815278831196075,27.0,70.0,60.0,3.0,0.1980013137499097,1.0,-3.0
6.0398936177055855,7.0,57.0,22.0,4.0,0.1274768824728535,4.0,-4.0
38.400436847209775,35.0,74.0,12.0,1.0,0.5891931156806642,3.0,-5.0
53.229501203154975,54.0,77.0,55.0,0.0,0.19334767842333234,3.0,-2.0
2.7359918763219175,4.0,32.0,25.0,2.0,0.9116974257548108,3.0,-2.0
5.089473415027368,6.0,54.0,42.0,5.0,0.8394519443096193,3.0,-1.0
4.039719340007285,5.0,22.0,15.0,9.0,0.5029496608549454,1.0,-4.0
24.958522494751975,26.0,67.0,12.0,3.0,0.8009140215688333,3.0,-1.0
19.608558681258856,13.0,16.0,12.0,1.0,0.3597551179206073,2.0,-2.0
6.35562394378828,7.0,54.0,28.0,5.0,0.06352630354309452,2.0,-4.0
17.50197620310215,19.0,62.0,49.0,10.0,0.4619467010713204,1.0,-5.0
50.04823752516117,43.0,88.0,8.0,7.0,0.9330763144915307,2.0,-4.0
28.036380557674942,17.0,43.0,23.0,7.0,0.3810347695001117,5.0,-4.0
20.47992707398746,21.0,56.0,32.0,9.0,0.2923163753316712,1.0,-2.0
14.04573270609618,13.0,21.0,7.0,3.0,0.7491860035525891,2.0,-2.0
340.37606922074445,123.0,76.0,31.0,3.0,0.2739625782303913,5.0,-2.0
58.73719503860994,62.0,58.0,36.0,0.0,0.2749099441522145,4.0,-1.0
44.45875242485902,46.0,89.0,75.0,2.0,0.2263380998549186,3.0,-3.0
0.7904359159579614,3.0,33.0,32.0,5.0,0.71085411644621,3.0,-3.0
102.24557362763774,59.0,39.0,28.0,5.0,0.12917523112253515,5.0,-1.0
13.134132652643602,14.0,68.0,32.0,0.0,0.6772785617018594,5.0,-2.0
1.6215489458065544,3.0,100.0,6.0,3.0,0.02498618088194604,4.0,-2.0
4.091980474627721,5.0,34.0,19.0,5.0,0.22552482884137315,2.0,-5.0
15.497772609743082,17.0,83.0,27.0,4.0,0.08598596091651212,4.0,-2.0
16.310778566402053,6.0,14.0,10.0,5.0,0.11557570678754203,5.0,-1.0
0.48396407122247126,2.0,21.0,19.0,7.0,0.8554230292853802,5.0,-1.0
21.39751893386224,6.0,23.0,16.0,7.0,0.5724238109812043,3.0,-5.0
43.49575167203831,28.0,70.0,8.0,6.0,0.7375710945576375,3.0,-3.0
8.044536802622602,9.0,31.0,26.0,0.0,0.8738466084780232,1.0,-2.0
6.615073880497721,7.0,59.0,57.0,10.0,0.7170566304607299,2.0,-4.0
74.88298151796418,36.0,37.0,24.0,4.0,0.28881943623999073,4.0,-2.0
7.542893119168793,8.0,47.0,22.0,10.0,0.789297266397481,5.0,-3.0
15.56548103290118,17.0,37.0,18.0,5.0,0.5412046538664378,1.0,-3.0
190.2595723150332,122.0,60.0,24.0,10.0,0.23784303681750207,4.0,-1.0
5.779760282145495,7.0,72.0,19.0,8.0,0.34946781345526934,2.0,-4.0
21.86467132718195,23.0,94.0,69.0,4.0,0.3378612921018954,1.0,-5.0
52.38976797749512,54.0,61.0,24.0,7.0,0.28437412949253105,5.0,-1.0
11.00165185211081,12.0,55.0,43.0,10.0,0.33340840624661106,1.0,-5.0
16.99286321086137,19.0,86.0,74.0,8.0,0.5294541163806255,4.0,-3.0
9.379975424851544,9.0,22.0,17.0,6.0,0.25550840617970194,5.0,-1.0
38.22520010364875,31.0,58.0,50.0,9.0,0.5610584495163725,2.0,-5.0
9.16267038777396,8.0,22.0,7.0,2.0,0.8052967618325856,3.0,-4.0
92.04758448857281,83.0,87.0,68.0,9.0,0.6227181682669723,2.0,-5.0
123.26279229308679,62.0,86.0,3.0,2.0,0.6683395257723994,2.0,-2.0
238.56754432757313,239.0,92.0,21.0,0.0,0.4559873073699303,1.0,-1.0
244.45126498785442,42.0,26.0,15.0,1.0,0.48568221767977393,2.0,-2.0
8.232251218052888,5.0,16.0,10.0,8.0,0.7928421815810215,1.0,-5.0
32.318729438293154,33.0,86.0,42.0,1.0,0.34627715437711015,2.0,-3.0
59.542821227152295,56.0,59.0,49.0,3.0,0.4454893501787134,2.0,-3.0
17.247794886318772,18.0,48.0,31.0,4.0,0.9952110808376374,1.0,-2.0
1.2383039165461278,3.0,14.0,13.0,5.0,0.5615112391454266,3.0,-2.0
22.946721473748084,23.0,100.0,47.0,8.0,0.2167351332766101,3.0,-3.0
23.13377105009767,10.0,31.0,28.0,9.0,0.36311498199713976,3.0,-3.0
61.22795530893773,62.0,96.0,13.0,6.0,0.7851966452317797,2.0,-1.0
12.941211951367736,14.0,68.0,36.0,6.0,0.8945440986555818,3.0,-2.0
32.59868184917498,33.0,40.0,13.0,2.0,0.957063587148412,1.0,-3.0
5.852588677331425,7.0,38.0,9.0,1.0,0.3266167010510733,2.0,-3.0
10.24066350943587,11.0,43.0,31.0,5.0,0.07685033500607175,3.0,-3.0
1.4470620096093374,4.0,93.0,9.0,8.0,0.5772361527426925,1.0,-3.0
26.701874479962157,27.0,39.0,16.0,2.0,0.15856407995493604,2.0,-1.0
0.42333488920103124,2.0,33.0,31.0,1.0,0.9606274407663539,5.0,-2.0
17.852781823039866,19.0,65.0,45.0,7.0,0.10893502216725137,5.0,-3.0
12.000250085059484,13.0,53.0,41.0,8.0,0.06251432749127528,1.0,-3.0
13.352297299257247,14.0,57.0,23.0,10.0,0.7546378292662143,5.0,-5.0
7.604280298201478,8.0,62.0,35.0,2.0,0.09433411736723785,2.0,-5.0
13.424330371991637,14.0,29.0,16.0,9.0,0.9841954734339318,1.0,-1.0
8.331101854695364,9.0,85.0,66.0,1.0,0.9100763370107476,3.0,-5.0
34.20623865015997,36.0,92.0,30.0,6.0,0.6015668575625095,5.0,-3.0
11.579821579197047,13.0,51.0,33.0,9.0,0.5924046825317916,4.0,-2.0
0.3532331260839726,2.0,20.0,7.0,6.0,0.04225210904888754,1.0,-3.0
25.02044390378475,26.0,48.0,12.0,5.0,0.6097058483298373,3.0,-1.0
2.5339344129749564,5.0,17.0,7.0,6.0,0.6513391985523065,1.0,-3.0
19.02533711157548,20.0,74.0,25.0,2.0,0.15821716203907643,3.0,-2.0
10.500909950020539,13.0,46.0,12.0,2.0,0.34128359593604485,3.0,-3.0
3.2558786627555527,4.0,21.0,15.0,0.0,0.043660967550204655,4.0,-5.0
13.77090225683275,15.0,65.0,54.0,6.0,0.2163413727128498,2.0,-5.0
5.218738756941309,6.0,18.0,2.0,0.0,0.813174973693359,4.0,-1.0
174.9136185028774,168.0,95.0,66.0,8.0,0.3336815503601901,3.0,-2.0
8.463821586504599,10.0,32.0,12.0,6.0,0.4582200737887272,2.0,-3.0
2.7345151598700537,3.0,67.0,57.0,10.0,0.8081364867450949,5.0,-2.0
51.94637964689597,25.0,22.0,20.0,1.0,0.5447460751570372,1.0,-2.0
23.733086524818255,4.0,20.0,12.0,10.0,0.7624403081545745,2.0,-5.0
25.86023744828867,27.0,88.0,46.0,0.0,0.6560287544148149,3.0,-1.0
39.034795313848285,40.0,77.0,49.0,8.0,0.5724362480096188,2.0,-1.0
4.3308647321318645,5.0,21.0,15.0,8.0,0.5963511545098815,3.0,-1.0
38.88047650135078,38.0,56.0,19.0,0.0,0.21590326592929376,5.0,-2.0
0.7293480749650089,2.0,24.0,22.0,5.0,0.677453560172497,5.0,-2.0
4.232449507740721,5.0,70.0,21.0,7.0,0.28203713261885277,1.0,-5.0
0.5035761361666168,2.0,30.0,2.0,1.0,0.12677537015248552,5.0,-3.0
14.503242710743473,16.0,90.0,31.0,8.0,0.34141477558696276,5.0,-5.0
668.7117948613534,63.0,92.0,11.0,3.0,0.6401410519117571,3.0,-5.0
53.898006491661796,53.0,90.0,19.0,3.0,0.3861632870742492,4.0,-3.0
1.932648050685893,3.0,52.0,11.0,2.0,0.03813077164567502,4.0,-5.0
9.442368275722135,6.0,26.0,25.0,10.0,0.4019025813229604,2.0,-4.0
1.278838674576582,3.0,8.0,3.0,2.0,0.703006756588343,1.0,-5.0
8.502137747717946,10.0,48.0,38.0,2.0,0.5293624634322918,4.0,-2.0
42.57660608911218,43.0,63.0,27.0,5.0,0.7113836875856929,2.0,-2.0
26.29708186874946,27.0,72.0,57.0,8.0,0.045558461016544705,1.0,-2.0
46.52111582079567,47.0,64.0,27.0,9.0,0.3065394640431892,1.0,-1.0
7.955638351273657,9.0,34.0,17.0,10.0,0.784212317396202,3.0,-1.0
403.7880361208552,77.0,63.0,35.0,9.0,0.29562047322401863,5.0,-2.0
31.099469045459255,31.0,81.0,72.0,4.0,0.2590667847985174,3.0,-4.0
5.11202684328242,2.0,16.0,8.0,3.0,0.4021914369137093,5.0,-5.0
4.559498403872904,6.0,36.0,22.0,8.0,0.13278382965145596,3.0,-4.0
0.5403446023131843,2.0,65.0,64.0,3.0,0.9626677104384208,2.0,-2.0
11.663144331261224,12.0,54.0,24.0,3.0,0.9465256446710271,3.0,-5.0
19.91282213838361,21.0,86.0,64.0,10.0,0.2542421626922454,4.0,-5.0
1.0693748911805303,2.0,12.0,6.0,4.0,0.16139264209471127,4.0,-3.0
392.53930517800507,90.0,54.0,30.0,1.0,0.34352339569711654,4.0,-2.0
16.08860807344047,17.0,62.0,55.0,0.0,0.0726790056282467,4.0,-4.0
42.32097740164177,4.0,17.0,12.0,8.0,0.31758070407952965,4.0,-2.0
1.6837488170121684,2.0,9.0,3.0,1.0,0.2707247898672077,1.0,-2.0
30.39380234065723,33.0,61.0,22.0,9.0,0.7144562443731488,1.0,-4.0
4.226045374809603,5.0,65.0,50.0,10.0,0.7927739485447364,5.0,-2.0
8.552864087054482,7.0,24.0,12.0,5.0,0.5503798475846685,5.0,-3.0
5.53628522323717,2.0,8.0,3.0,2.0,0.36387469360130686,3.0,-2.0
1.5979230817223,1.0,7.0,6.0,5.0,0.39569794155108695,3.0,-3.0
0.9094358381969305,3.0,46.0,45.0,5.0,0.5248956985197065,3.0,-1.0
73.99156860109278,74.0,91.0,74.0,8.0,0.054003238153912836,1.0,-1.0
415.5502309933913,356.0,56.0,15.0,4.0,0.5493321829011955,1.0,-1.0
0.381873340551325,1.0,5.0,4.0,3.0,0.8026670453298401,4.0,-3.0
10.911040998080882,10.0,27.0,11.0,7.0,0.9110674224823309,2.0,-4.0
3.8038287521639202,5.0,99.0,19.0,8.0,0.021635372320989776,2.0,-3.0
3.048583340418457,4.0,35.0,11.0,8.0,0.5039840915429745,1.0,-3.0
205.53571551480437,207.0,81.0,41.0,2.0,0.6034173186521916,1.0,-2.0
3.3410020739022466,5.0,28.0,4.0,0.0,0.633792401624779,1.0,-5.0
27.85967920740054,29.0,90.0,3.0,0.0,0.8245585195172647,4.0,-1.0
6.296869098276047,7.0,87.0,81.0,9.0,0.7441068113843012,3.0,-5.0
9.880400551847584,10.0,28.0,23.0,7.0,0.3967720755847278,2.0,-4.0
7.386368501914666,1.0,7.0,6.0,5.0,0.644102578965997,2.0,-4.0
168.37695810237955,20.0,45.0,32.0,8.0,0.4286069646804661,5.0,-4.0
12.180461150889013,13.0,89.0,37.0,3.0,0.2760805340329987,3.0,-5.0
38.32118970355504,40.0,75.0,27.0,10.0,0.31127624099612483,3.0,-2.0
59.74465814941798,44.0,46.0,43.0,4.0,0.3368054935452839,2.0,-2.0
10.08056799695383,11.0,98.0,75.0,4.0,0.809068607233576,4.0,-5.0
3.161872304304822,4.0,16.0,13.0,3.0,0.9829349734665717,1.0,-2.0
18.71368779087023,19.0,25.0,13.0,3.0,0.8804139539304556,1.0,-2.0
257.3723691702508,138.0,37.0,21.0,2.0,0.6873889118343496,1.0,-2.0
84.89078868196981,33.0,42.0,21.0,3.0,0.5411375515034058,3.0,-4.0
29.074050128533848,30.0,99.0,54.0,7.0,0.9095543950778024,2.0,-3.0
34.17481188286558,34.0,66.0,13.0,1.0,0.6501213992744042,4.0,-3.0
1.2317686367453338,1.0,4.0,3.0,2.0,0.4554513183994554,3.0,-4.0
2.7781918524858167,4.0,23.0,18.0,10.0,0.9666219532634867,2.0,-4.0
11.408482275636485,11.0,23.0,12.0,7.0,0.14043240197958218,3.0,-1.0
73.56661441201736,10.0,25.0,12.0,9.0,0.196118432035833,5.0,-1.0
11.187073037733526,8.0,20.0,16.0,10.0,0.8393888863178994,1.0,-3.0
2.6250674041465447,4.0,27.0,13.0,9.0,0.2952459206432857,2.0,-3.0
3.6985989239821326,5.0,68.0,17.0,6.0,0.25323760341129586,3.0,-5.0
2398.18724114439,82.0,98.0,89.0,1.0,0.4233293739245906,4.0,-3.0
17.21891604462707,18.0,97.0,66.0,10.0,0.08308475106445479,5.0,-4.0
14.264116268255242,11.0,44.0,41.0,0.0,0.21256543883307089,5.0,-5.0
20.436872543761492,22.0,69.0,67.0,6.0,0.0037997207084811135,1.0,-3.0
17.481687817712327,19.0,43.0,14.0,7.0,0.5199161994769447,2.0,-3.0
122.30773789150228,125.0,80.0,19.0,7.0,0.6339622763397983,1.0,-2.0
0.9142263026943441,1.0,7.0,4.0,0.0,0.062471568777721864,5.0,-5.0
1.4334939024402273,2.0,17.0,5.0,2.0,0.27245874125219316,3.0,-4.0
335.54990659016147,7.0,23.0,21.0,10.0,0.4918044977930546,2.0,-2.0
117.29868315236536,39.0,79.0,72.0,1.0,0.4883008458105058,4.0,-5.0
12.722694094915452,12.0,16.0,6.0,1.0,0.44649926197621226,3.0,-1.0
9.410295421533796,10.0,18.0,10.0,6.0,0.28746682113471655,1.0,-1.0
39.227378043138344,40.0,58.0,11.0,2.0,0.8663571309316761,2.0,-4.0
1.8084713528995409,3.0,69.0,64.0,9.0,0.7941276566701345,4.0,-2.0
29.332064226892452,31.0,96.0,70.0,9.0,0.6980574266483944,3.0,-4.0
30.636592060548843,32.0,87.0,54.0,8.0,0.416421252571176,2.0,-4.0
17.252588477503718,18.0,46.0,27.0,0.0,0.14500581492054,1.0,-2.0
0.40041977812373136,2.0,24.0,23.0,0.0,0.8743447842947183,3.0,-1.0
23.044071578901256,12.0,34.0,26.0,9.0,0.5327853931878248,3.0,-5.0
15.4650588800862,16.0,84.0,30.0,9.0,0.9435269203284362,4.0,-5.0
10.180631497329777,11.0,32.0,13.0,4.0,0.5523269919101272,5.0,-2.0
0.20841941365202485,2.0,49.0,4.0,3.0,0.022442496823794622,4.0,-5.0
123.43166814430649,125.0,94.0,67.0,8.0,0.5073342444257717,1.0,-2.0
10.307119666115495,11.0,91.0,90.0,9.0,0.5485101576576958,1.0,-1.0
405.3607722057981,196.0,73.0,20.0,3.0,0.19161240989970818,4.0,-1.0
17.71987193072916,19.0,80.0,48.0,0.0,0.8294117323283388,3.0,-4.0
7275.134478033604,126.0,37.0,15.0,4.0,0.6676746663614456,1.0,-2.0
0.9100893181782989,2.0,6.0,5.0,2.0,0.7746983125792732,2.0,-2.0
4.559528331185486,5.0,85.0,81.0,10.0,0.9590945751004901,1.0,-2.0
0.30967442322230154,2.0,73.0,7.0,6.0,0.09635026135087676,4.0,-4.0
92.54274757214283,94.0,90.0,41.0,3.0,0.5058970071356514,3.0,-2.0
151.0015121676043,83.0,39.0,23.0,6.0,0.2764898009468951,3.0,-1.0
22.824535075698524,24.0,77.0,65.0,3.0,0.056724969035518935,2.0,-3.0
39.66427308841424,31.0,84.0,76.0,8.0,0.36506787061264157,4.0,-5.0
289.59680552298715,206.0,88.0,65.0,9.0,0.36132554024629604,3.0,-2.0
5.346914924355968,6.0,39.0,35.0,0.0,0.6870237350223876,2.0,-2.0
4.2412677921225255,5.0,40.0,20.0,2.0,0.9683967933976616,5.0,-4.0
4.708880903802412,6.0,42.0,13.0,4.0,0.41774357076083546,1.0,-4.0
1.2001708552038024,2.0,11.0,9.0,4.0,0.8888098005180486,2.0,-1.0
3.7555450308575504,6.0,56.0,8.0,2.0,0.4860517695186787,2.0,-5.0
0.6246118639355629,2.0,45.0,6.0,5.0,0.06650095903846953,4.0,-2.0
0.6772868221781333,2.0,40.0,5.0,3.0,0.11633792451015357,5.0,-4.0
21.527731718229628,22.0,82.0,14.0,4.0,0.8948395544525586,4.0,-4.0
3.3734702029137655,4.0,19.0,11.0,1.0,0.561907547164646,5.0,-1.0
27.045556242957765,28.0,100.0,76.0,0.0,0.2379853065895866,1.0,-4.0
6.993887863117124,7.0,56.0,52.0,6.0,0.9143855914846547,1.0,-4.0
5.174797722417147,6.0,33.0,15.0,4.0,0.934799603905875,4.0,-4.0
28.182900063455097,31.0,70.0,11.0,7.0,0.6193566549102019,1.0,-2.0
5.002549778406377,6.0,34.0,24.0,10.0,0.025178393515659536,5.0,-3.0
7.3660878405296035,9.0,75.0,56.0,2.0,0.9298980320656876,3.0,-3.0
0.9310998825335641,2.0,9.0,3.0,0.0,0.1111434434729468,3.0,-4.0
21.356922591730818,24.0,60.0,43.0,3.0,0.3994278330730118,5.0,-2.0
1.913512948844887,3.0,69.0,62.0,9.0,0.8509103522122972,5.0,-4.0
7.689628255238792,9.0,23.0,10.0,5.0,0.8968629591486149,2.0,-1.0
0.435251892980781,2.0,19.0,18.0,5.0,0.7297520162753562,5.0,-5.0
18.709194004039016,12.0,36.0,32.0,5.0,0.4446074080331097,3.0,-5.0
2.0676046236766767,5.0,23.0,10.0,9.0,0.6290871343886616,1.0,-3.0
23.265979485292398,25.0,81.0,30.0,3.0,0.36790145442131017,2.0,-3.0
48.06116689384827,49.0,70.0,62.0,10.0,0.30601513750972553,1.0,-2.0
4.333039142173273,3.0,8.0,4.0,1.0,0.48718993254519605,4.0,-2.0
28.21124167880165,20.0,44.0,39.0,4.0,0.3941942597691497,3.0,-4.0
3.8231182302949165,4.0,34.0,10.0,7.0,0.2769125286190607,5.0,-3.0
16.03416017008383,16.0,31.0,27.0,4.0,0.1131125078454327,3.0,-2.0
8.8310606147438,3.0,10.0,8.0,3.0,0.23896943190771625,4.0,-2.0
55.37435343874075,44.0,32.0,14.0,2.0,0.15665863615626574,4.0,-1.0
2.230348927423352,3.0,12.0,6.0,1.0,0.15163966153257158,2.0,-3.0
86.23029464132934,89.0,79.0,53.0,8.0,0.32537954064794083,3.0,-1.0
266.3652891053207,106.0,70.0,34.0,8.0,0.5225254575029391,3.0,-3.0
41.127526947613966,41.0,47.0,12.0,7.0,0.6170038463094002,2.0,-1.0
2.89571745876182,5.0,64.0,6.0,5.0,0.5515541468575471,1.0,-2.0
18.357017470503806,16.0,19.0,10.0,3.0,0.15466860954880535,3.0,-1.0
49.06037680375335,50.0,90.0,42.0,3.0,0.03417685669230219,5.0,-1.0
11.077105133327121,12.0,84.0,62.0,4.0,0.9980112098036171,2.0,-5.0
44.79512753852344,37.0,91.0,4.0,1.0,0.8677719396634732,3.0,-5.0
64.90518362931043,65.0,62.0,31.0,2.0,0.3106388785042927,3.0,-2.0
37.16931524070429,38.0,95.0,33.0,3.0,0.09644131448584159,1.0,-1.0
18.90195231121046,20.0,52.0,18.0,5.0,0.7597511986085703,3.0,-2.0
3.982798870447498,4.0,18.0,12.0,0.0,0.7510797136707138,3.0,-3.0
10.934352702821942,12.0,74.0,18.0,7.0,0.2484990584499548,2.0,-2.0
88.54207658729528,89.0,83.0,30.0,2.0,0.8661951546759666,1.0,-2.0
12.258291130310607,13.0,29.0,5.0,4.0,0.9859528473387322,2.0,-1.0
2.8676326995648522,3.0,23.0,13.0,7.0,0.8108996185912096,5.0,-3.0
6.598098937912993,8.0,61.0,40.0,2.0,0.8182734935866601,5.0,-5.0
68.61304160687922,59.0,90.0,69.0,2.0,0.40235092566821506,5.0,-5.0
9.96440191064357,11.0,44.0,30.0,4.0,0.06511857187287451,3.0,-3.0
216.6727386647094,215.0,89.0,30.0,4.0,0.8180750153014169,1.0,-3.0
30.020442584842645,31.0,94.0,90.0,9.0,0.26036771595834507,1.0,-4.0
168.58976939818655,101.0,92.0,28.0,6.0,0.42245246421866245,5.0,-3.0
1.6522650339710832,3.0,48.0,11.0,7.0,0.14477022182295884,1.0,-3.0
12.007181822665286,3.0,12.0,9.0,5.0,0.4499700936374107,3.0,-2.0
11.935017310090176,13.0,64.0,39.0,10.0,0.7278109251416759,4.0,-3.0
0.8644309668337921,2.0,34.0,30.0,8.0,0.9585912780225384,5.0,-4.0
17.38845915422551,18.0,66.0,35.0,8.0,0.7565583324554297,3.0,-2.0
20.903617024855134,22.0,35.0,16.0,9.0,0.6662824310300371,1.0,-3.0
11.533117127810709,12.0,15.0,11.0,2.0,0.6734136554615615,1.0,-1.0
6.975974916727958,8.0,53.0,26.0,6.0,0.8744918623051631,5.0,-4.0
8.084067337059015,9.0,39.0,20.0,5.0,0.30635691213723326,3.0,-4.0
8.8649883947744,10.0,72.0,15.0,4.0,0.5518327264481449,1.0,-4.0
19.70268418143102,21.0,85.0,41.0,0.0,0.8082995646028297,3.0,-1.0
5.214392022967755,6.0,44.0,26.0,2.0,0.9391093795086894,4.0,-5.0
150.88538328225533,33.0,92.0,90.0,8.0,0.576090188220766,2.0,-4.0
14.852590909154468,16.0,74.0,8.0,3.0,0.9205241640877675,5.0,-2.0
25.41167463605744,26.0,84.0,56.0,10.0,0.06326946624854168,1.0,-2.0
20.100835625953092,21.0,67.0,49.0,8.0,0.12003547537183568,5.0,-3.0
24.78778194665326,26.0,63.0,28.0,7.0,0.9019976594068592,2.0,-4.0
18.697831247438625,18.0,49.0,28.0,7.0,0.3196527879974984,5.0,-4.0
4.192001665534328,5.0,28.0,19.0,8.0,0.829389142375392,3.0,-2.0
45.4947608822766,8.0,15.0,8.0,5.0,0.7335145852960802,1.0,-3.0
4.215180483751454,6.0,24.0,11.0,0.0,0.3983974295445373,1.0,-5.0
12.849638143772193,14.0,30.0,25.0,0.0,0.4108839841203358,1.0,-4.0
11.632544836917733,12.0,96.0,82.0,3.0,0.8008799922173687,2.0,-2.0
34.725901798931616,35.0,85.0,76.0,2.0,0.26700368902699145,3.0,-4.0
14.24359143213073,17.0,36.0,12.0,5.0,0.3771377283363839,2.0,-2.0
14.218277121312733,1.0,2.0,1.0,0.0,0.18593359812208143,4.0,-1.0
18.27074904040575,19.0,80.0,26.0,10.0,0.7911087704240153,4.0,-1.0
7.168169867837724,8.0,62.0,34.0,9.0,0.9865939187955056,4.0,-3.0
97.58500241145659,98.0,98.0,32.0,1.0,0.9190833590435294,1.0,-3.0
39.13121286643757,31.0,91.0,10.0,9.0,0.8139917680367779,3.0,-2.0
8.266610169668619,9.0,81.0,16.0,0.0,0.25806286265459966,4.0,-4.0
1.2415912159526044,3.0,88.0,82.0,1.0,0.9720847359566908,5.0,-1.0
2.8550173763631324,4.0,38.0,31.0,8.0,0.7788319938061843,4.0,-3.0
60.956476233548514,54.0,31.0,11.0,1.0,0.8320257388377079,1.0,-3.0
18.753047816129037,20.0,77.0,36.0,9.0,0.19502925427954998,5.0,-3.0
12.357480613573454,15.0,98.0,7.0,1.0,0.702892827630098,1.0,-4.0
21.120758365020198,22.0,91.0,7.0,3.0,0.996732845534286,4.0,-3.0
8.11492227150134,9.0,32.0,25.0,10.0,0.954202795204549,1.0,-2.0
14.35613394258811,16.0,77.0,22.0,5.0,0.4769796479680304,3.0,-5.0
9.007483455027947,11.0,34.0,17.0,0.0,0.6478865986798021,4.0,-2.0
4.388016842696597,5.0,23.0,12.0,4.0,0.7229808006246823,5.0,-4.0
87.12517233109085,83.0,98.0,85.0,4.0,0.34505052169426254,3.0,-3.0
10.736947245902407,11.0,14.0,5.0,1.0,0.9460756952566977,1.0,-2.0
10.27706479553659,12.0,80.0,64.0,4.0,0.5081235369147831,5.0,-2.0
85.1192608381078,71.0,84.0,40.0,7.0,0.564615222757405,4.0,-4.0
6.026467459452903,7.0,26.0,20.0,3.0,0.044777574326133496,1.0,-3.0
7.288658851914227,8.0,41.0,19.0,2.0,0.803677588620357,4.0,-1.0
38.221599929612154,40.0,89.0,70.0,4.0,0.374275279128751,3.0,-1.0
56.424064366487166,57.0,62.0,46.0,4.0,0.4567133905706485,3.0,-2.0
24.354311545306075,25.0,46.0,22.0,4.0,0.7463629484593831,2.0,-2.0
2.763656467325745,4.0,25.0,14.0,4.0,0.042400585430998006,5.0,-4.0
5.225622252436328,6.0,34.0,15.0,0.0,0.8635930628384338,5.0,-5.0
20.8597716201274,21.0,46.0,17.0,6.0,0.1181673006742533,3.0,-1.0
72.22473535886832,37.0,55.0,17.0,5.0,0.5476931336209032,3.0,-4.0
6.882460913354502,8.0,91.0,71.0,5.0,0.7382421646084588,5.0,-3.0
0.9260292442048509,1.0,10.0,7.0,6.0,0.24001506212437906,5.0,-3.0
43.14474723217453,44.0,82.0,60.0,0.0,0.4023331120870728,1.0,-3.0
153.62267057353472,130.0,75.0,68.0,2.0,0.1140751820631738,4.0,-1.0
1.428606226170414,1.0,9.0,8.0,4.0,0.9499971582653027,1.0,-5.0
72.29089363052375,73.0,76.0,22.0,7.0,0.6867455127750672,2.0,-2.0
56.273749370034615,41.0,79.0,10.0,9.0,0.7420496576848673,2.0,-1.0
17.118335941853186,18.0,55.0,27.0,2.0,0.6059455009247509,4.0,-2.0
8.247736528625712,8.0,13.0,10.0,0.0,0.3409340395873399,3.0,-1.0
7.802884381303529,9.0,82.0,67.0,5.0,0.703195149511295,4.0,-3.0
2.5849083916403632,1.0,9.0,8.0,6.0,0.20437969829878477,4.0,-2.0
13.115717545181958,7.0,24.0,2.0,0.0,0.6677376775171685,5.0,-5.0
23.31516240624458,24.0,91.0,16.0,6.0,0.7027984671748236,5.0,-1.0
2.181691214282546,3.0,16.0,8.0,2.0,0.9583600068852329,4.0,-4.0
0.4262314981389436,2.0,26.0,24.0,7.0,0.9615357231729144,5.0,-3.0
11.199277694596818,12.0,67.0,41.0,5.0,0.22318837225805543,3.0,-5.0
5.844051685407691,6.0,27.0,12.0,1.0,0.9277854020768462,3.0,-3.0
8.376964701114623,9.0,36.0,21.0,8.0,0.9476561778398126,2.0,-2.0
30.804405005070286,24.0,53.0,49.0,10.0,0.42597031170926114,3.0,-2.0
24.648494454550494,18.0,15.0,14.0,0.0,0.216006995360007,1.0,-1.0
8.25990616407469,9.0,91.0,21.0,4.0,0.23546630971611004,1.0,-3.0
29.284687876550947,30.0,66.0,22.0,3.0,0.9004983367791467,2.0,-3.0
173.97685730391103,174.0,89.0,60.0,6.0,0.17240347245485899,3.0,-1.0
17.999071512720253,18.0,56.0,51.0,8.0,0.20137348494885443,4.0,-4.0
2.7239785474679796,4.0,62.0,15.0,2.0,0.028446109547930698,3.0,-5.0
12.352403633465386,12.0,25.0,18.0,8.0,0.6380881924404123,1.0,-4.0
55.46077063934962,18.0,28.0,26.0,9.0,0.13869540648633383,4.0,-1.0
39.2477554347005,40.0,96.0,14.0,7.0,0.8482152422551896,3.0,-3.0
12.502460276539534,13.0,83.0,40.0,10.0,0.9299153831415098,4.0,-4.0
2.6071056598811397,3.0,63.0,6.0,4.0,0.11643288364247162,1.0,-1.0
31.702972545717707,32.0,48.0,27.0,8.0,0.8311992269765345,1.0,-1.0
3.040152768231828,4.0,22.0,18.0,5.0,0.10341415659653164,2.0,-5.0
15.847457903312797,9.0,47.0,11.0,10.0,0.545276285736596,5.0,-1.0
11.35832010124856,13.0,81.0,49.0,4.0,0.7817318028964724,5.0,-5.0
61.8261984108451,62.0,51.0,20.0,6.0,0.8338018552911824,1.0,-2.0
5.9299119835099665,7.0,94.0,83.0,9.0,0.8568752797383218,3.0,-5.0
28.85351555627061,31.0,47.0,30.0,7.0,0.6405740197921809,1.0,-4.0
47.97440451198067,50.0,94.0,66.0,4.0,0.6179406997311219,1.0,-5.0
3.6505604120350714,4.0,22.0,8.0,6.0,0.15071297058880306,2.0,-1.0
10.015819645024214,11.0,77.0,50.0,1.0,0.015391340376181284,2.0,-5.0
1.2235172739937958,2.0,56.0,53.0,1.0,0.92170677156586,3.0,-4.0
6.955050598770831,3.0,16.0,6.0,3.0,0.6042004512961384,5.0,-4.0
173.33318752731392,64.0,82.0,72.0,3.0,0.5752403427581295,3.0,-5.0
15.413959051368323,16.0,86.0,44.0,7.0,0.9449605758005643,3.0,-2.0
1.0766890258741848,3.0,23.0,22.0,7.0,0.4910966602204476,5.0,-3.0
13.003410625704506,14.0,66.0,35.0,4.0,0.23085858128942705,3.0,-4.0
82.28531189247636,85.0,87.0,53.0,9.0,0.28263929301119595,4.0,-1.0
65.81422851189181,67.0,91.0,70.0,7.0,0.4085520367723624,2.0,-3.0
98.9440709060795,84.0,100.0,63.0,1.0,0.4859942924895435,5.0,-4.0
363.10713281234825,346.0,90.0,75.0,2.0,0.26631913522362927,2.0,-1.0
11.220148310928305,12.0,87.0,20.0,10.0,0.027186545959911546,3.0,-1.0
9.161726777038416,8.0,18.0,11.0,10.0,0.8820240534537526,1.0,-1.0
28.950263935894267,31.0,73.0,50.0,7.0,0.35889319731889024,4.0,-1.0
1.670259982332564,3.0,11.0,3.0,0.0,0.029124633142404766,5.0,-2.0
53.68532102160294,48.0,51.0,50.0,5.0,0.05392734833486401,2.0,-1.0
1.0357541052600732,1.0,7.0,3.0,2.0,0.8374172126219115,5.0,-2.0
21.961058066661764,23.0,68.0,35.0,9.0,0.9289514057098579,2.0,-5.0
2.4684182133059984,4.0,28.0,15.0,8.0,0.24046398250477763,4.0,-5.0
6.729622142747178,8.0,76.0,21.0,2.0,0.36277694851765263,1.0,-5.0
21.225054557017206,11.0,23.0,7.0,3.0,0.7923043492225893,2.0,-4.0
1.3834606067103972,3.0,16.0,11.0,9.0,0.9571250349182963,4.0,-5.0
38.51715642617471,40.0,97.0,42.0,9.0,0.5534918887555268,5.0,-3.0
11.171675965400695,12.0,26.0,9.0,2.0,0.8804263579755166,2.0,-2.0
15.934113204727963,17.0,65.0,20.0,10.0,0.7648259105708829,4.0,-1.0
6.662150531502781,8.0,94.0,77.0,3.0,0.6939660740854896,5.0,-3.0
5.8264962204721575,1.0,11.0,8.0,7.0,0.37872230095417836,3.0,-1.0
8.871167622431521,9.0,43.0,41.0,3.0,0.08955751912643262,3.0,-5.0
4.275963049088869,5.0,17.0,12.0,3.0,0.5956181747863931,4.0,-3.0
5.570953026349364,6.0,83.0,63.0,7.0,0.9487562519690182,4.0,-4.0
1.786781670687794,3.0,29.0,12.0,4.0,0.06533453196603167,3.0,-5.0
156.98025090612205,159.0,83.0,32.0,7.0,0.6135814327902291,1.0,-2.0
6.4896409756733044,7.0,57.0,47.0,6.0,0.934416756037714,2.0,-5.0
24.798252727646297,25.0,59.0,16.0,0.0,0.7167491419267491,4.0,-4.0
1.3522372679984669,3.0,11.0,9.0,5.0,0.008387848099963069,2.0,-3.0
0.7759270002696814,1.0,9.0,5.0,4.0,0.3012465520235166,5.0,-4.0
8.089169542457556,7.0,19.0,10.0,6.0,0.3520997932845429,5.0,-1.0
28.661596390861863,27.0,36.0,16.0,6.0,0.412775270228944,2.0,-2.0
11.701127842465294,7.0,24.0,3.0,1.0,0.6794698791665842,5.0,-5.0
8.511265235037536,9.0,31.0,16.0,1.0,0.5952962718493793,5.0,-3.0
1.3060999834815803,4.0,35.0,11.0,10.0,0.558590457727752,1.0,-3.0
32.47199015632976,31.0,34.0,5.0,4.0,0.9465386916598802,1.0,-1.0
0.6867459025498648,2.0,71.0,68.0,3.0,0.8947379928202215,5.0,-1.0
4.321911170421526,5.0,98.0,26.0,10.0,0.042562013189857195,3.0,-4.0
27.458805310957604,28.0,77.0,54.0,8.0,0.3874605402585656,2.0,-4.0
62.78124354083883,27.0,67.0,11.0,6.0,0.543554017165391,5.0,-4.0
6.297824151299455,7.0,32.0,27.0,9.0,0.19031167041276242,2.0,-4.0
12.834782868425755,14.0,82.0,37.0,8.0,0.8340108322249704,5.0,-4.0
0.9703073490160135,2.0,30.0,5.0,3.0,0.23469935788175889,1.0,-3.0
113.25118672080221,5.0,24.0,22.0,3.0,0.6040289173229144,3.0,-5.0
0.4040991842896694,1.0,6.0,5.0,4.0,0.065670001673657,5.0,-3.0
91.31709593531048,92.0,86.0,39.0,2.0,0.1189636954153448,4.0,-1.0
17.558377580406074,18.0,37.0,23.0,1.0,0.24901228489070903,1.0,-2.0
644.9336028978013,48.0,54.0,2.0,0.0,0.27015711375804996,3.0,-1.0
11.176190891507984,12.0,32.0,17.0,2.0,0.5225515927358263,2.0,-5.0
9.504114274723296,11.0,41.0,32.0,9.0,0.2633325712919624,2.0,-4.0
14.41698966793897,16.0,79.0,8.0,4.0,0.9905931442287532,5.0,-3.0
106.12180378344055,108.0,81.0,60.0,7.0,0.6251434716748797,1.0,-3.0
1.7846993021181186,3.0,51.0,4.0,1.0,0.4638089120739234,1.0,-4.0
16.389671649665654,15.0,29.0,24.0,8.0,0.604755087935805,1.0,-4.0
12.10242150955121,13.0,52.0,19.0,3.0,0.41948763131054334,1.0,-3.0
4.230612012210112,5.0,76.0,12.0,3.0,0.31918313541542775,4.0,-5.0
2.747195849135097,4.0,17.0,14.0,7.0,0.4184045233574806,4.0,-1.0
1.2291482364318824,3.0,20.0,18.0,10.0,0.4378571735993153,5.0,-1.0
19.836846527815222,21.0,53.0,21.0,1.0,0.9226319259478023,2.0,-3.0
75.15932161110696,76.0,95.0,45.0,3.0,0.14706235988789051,2.0,-1.0
65.31474280835907,64.0,82.0,71.0,10.0,0.4132121558558962,2.0,-3.0
124.57856751048554,116.0,93.0,65.0,3.0,0.7041262936307822,2.0,-4.0
46.54369619894542,47.0,43.0,28.0,4.0,0.09687110410219724,4.0,-1.0
7.100712380610563,8.0,78.0,15.0,6.0,0.24417384634177963,1.0,-2.0
3.184329890531566,4.0,32.0,22.0,9.0,0.13107262990492452,2.0,-5.0
39.83705708843991,41.0,63.0,21.0,4.0,0.513573686597621,3.0,-1.0
23.037672190000503,25.0,60.0,41.0,4.0,0.5649472207374054,3.0,-2.0
38.82843690559598,40.0,86.0,51.0,2.0,0.24601276877619138,1.0,-2.0
15.697915042520734,18.0,94.0,15.0,1.0,0.6846936364682997,1.0,-5.0
73.97574452753975,63.0,99.0,8.0,0.0,0.6486427408265292,2.0,-4.0
8.891906256373062,10.0,80.0,65.0,0.0,0.5267039094320685,5.0,-2.0
25.915690958775404,27.0,83.0,40.0,4.0,0.8084609219311572,3.0,-4.0
20.056543102491023,18.0,55.0,51.0,7.0,0.10077527583420398,5.0,-3.0
3.0764981019110524,4.0,69.0,16.0,7.0,0.2963708503319129,2.0,-5.0
35.06186805623515,36.0,90.0,33.0,0.0,0.9251395499439942,2.0,-3.0
0.3514416385705453,2.0,27.0,5.0,4.0,0.26932216823133037,3.0,-5.0
48.548104726540814,18.0,55.0,15.0,10.0,0.5359916731051486,5.0,-4.0
14.54248081454573,12.0,45.0,35.0,9.0,0.32121344816219943,5.0,-5.0
4.357257961413613,5.0,16.0,14.0,7.0,0.7295021338776951,1.0,-1.0
290.39579680807043,80.0,63.0,62.0,0.0,0.26216609574302563,2.0,-1.0
3.3433484569320706,4.0,27.0,17.0,6.0,0.7130019127665723,5.0,-2.0
9.685770274990151,11.0,64.0,34.0,3.0,0.7281896040460168,5.0,-2.0
18.812885248803546,20.0,80.0,30.0,8.0,0.8082504117997673,4.0,-3.0
0.6975668607048945,2.0,42.0,4.0,1.0,0.09990528322803027,2.0,-5.0
267.3174574965783,144.0,97.0,57.0,0.0,0.4733462974445236,4.0,-4.0
0.20303483876389575,2.0,24.0,2.0,1.0,0.00830409965975476,4.0,-5.0
100.38381889158171,100.0,70.0,10.0,3.0,0.8659019639569675,1.0,-2.0
30.67171185063088,27.0,32.0,17.0,7.0,0.13479333629176415,4.0,-1.0
9.577521088155883,10.0,46.0,10.0,9.0,0.9698501792457508,4.0,-4.0
58.771352991428515,41.0,67.0,31.0,8.0,0.5125048139340388,5.0,-4.0
59.25676544139513,49.0,70.0,37.0,1.0,0.5063220484505726,5.0,-4.0
7.258662715322641,8.0,57.0,22.0,4.0,0.9802027571539821,5.0,-4.0
2.1903439303285115,3.0,25.0,16.0,0.0,0.8514906247813302,5.0,-1.0
20.39347297423081,21.0,84.0,63.0,2.0,0.14412098506027193,3.0,-4.0
2.1164260933186507,3.0,27.0,18.0,8.0,0.03056150326203122,4.0,-5.0
9.811613663525204,11.0,45.0,19.0,4.0,0.9562401111024087,3.0,-5.0
14.769439708135714,11.0,34.0,17.0,9.0,0.5188781729024865,5.0,-3.0
22.10181761072555,23.0,40.0,24.0,8.0,0.42535921280616706,1.0,-2.0
94.00006623395083,95.0,79.0,43.0,2.0,0.3127660189133108,3.0,-2.0
5.730972326004292,8.0,53.0,12.0,5.0,0.4630944628064394,2.0,-4.0
60.98059417921413,60.0,41.0,30.0,9.0,0.3934617514968364,2.0,-1.0
7.888187416930044,4.0,19.0,17.0,5.0,0.3865264411519521,4.0,-5.0
2.9751662567109665,4.0,15.0,11.0,6.0,0.6688925360710418,3.0,-2.0
111.24925742020389,112.0,85.0,38.0,6.0,0.7112373650390963,1.0,-1.0
3.05076716832593,4.0,58.0,10.0,3.0,0.11758252849336248,3.0,-3.0
8.81010930072542,10.0,51.0,18.0,10.0,0.8432121253206643,5.0,-3.0
148.75939445507743,148.0,94.0,35.0,0.0,0.3529441483299808,3.0,-2.0
0.3541235222447093,2.0,16.0,15.0,10.0,0.6891247735339131,5.0,-2.0
1.7989173371508553,1.0,10.0,8.0,7.0,0.7039266079095517,2.0,-1.0
14.561655936342703,14.0,29.0,22.0,10.0,0.2467857596988624,5.0,-1.0
1.2486248913930922,2.0,22.0,11.0,9.0,0.34955948063621456,1.0,-3.0
18.124222629824157,20.0,68.0,39.0,2.0,0.2958533132388532,5.0,-5.0
3.5244107232131543,1.0,9.0,8.0,7.0,0.23875487483022273,2.0,-1.0
20.02530273315986,2.0,13.0,12.0,3.0,0.5688210740186657,3.0,-5.0
17.373753383170957,20.0,46.0,4.0,1.0,0.7068314351275133,1.0,-3.0
3.34478687620616,5.0,67.0,62.0,0.0,0.8118579443569538,3.0,-5.0
3.495362597423706,5.0,25.0,18.0,0.0,0.600530692018014,4.0,-1.0
5.009558122195845,6.0,23.0,10.0,1.0,0.029062051255187904,5.0,-2.0
15.26030534917884,16.0,54.0,41.0,9.0,0.3225618195719646,4.0,-5.0
1.4740655177866966,3.0,41.0,12.0,7.0,0.10133675203398473,2.0,-4.0
9.138123875041336,10.0,95.0,15.0,9.0,0.11447002754443547,2.0,-1.0
2.9146254503882685,4.0,39.0,11.0,3.0,0.05104438726874572,2.0,-3.0
203.6598739357161,192.0,100.0,35.0,0.0,0.7198599301406134,2.0,-4.0
49.26427378869435,50.0,92.0,22.0,5.0,0.6052269962419718,3.0,-1.0
20.59247980408408,22.0,67.0,35.0,5.0,0.5692456682272276,5.0,-3.0
539.1450755149668,168.0,93.0,89.0,3.0,0.7101220506753879,1.0,-3.0
33.32279020897291,29.0,67.0,59.0,0.0,0.46286799064471507,4.0,-3.0
0.5317265895986164,2.0,15.0,13.0,8.0,0.9602219258051827,4.0,-2.0
18.32679436163488,19.0,91.0,56.0,0.0,0.9819544139510686,2.0,-3.0
4.373403034491587,6.0,29.0,12.0,1.0,0.4141326973813211,1.0,-5.0
1.5666052173386162,1.0,11.0,9.0,8.0,0.8191614546320809,2.0,-2.0
11.646293491991019,12.0,66.0,36.0,6.0,0.9469908550801007,3.0,-5.0
3.1326528181604876,4.0,16.0,6.0,4.0,0.6230804954826747,2.0,-5.0
19.61044897316567,21.0,36.0,19.0,2.0,0.7167211982660656,2.0,-2.0
3.193609402429106,4.0,10.0,5.0,3.0,0.12458311292141,2.0,-1.0
20.589573151039435,22.0,84.0,34.0,8.0,0.39103213061657704,3.0,-4.0
183.36565631561712,79.0,87.0,57.0,3.0,0.5737341687174219,4.0,-5.0
136.81189971278548,137.0,64.0,49.0,2.0,0.5521542105166073,1.0,-2.0
11.656872617954816,13.0,83.0,33.0,0.0,0.14613150240259498,4.0,-4.0
2.217083472567767,4.0,19.0,14.0,2.0,0.7092025072477413,4.0,-2.0
2.5119029499828702,3.0,65.0,5.0,4.0,0.30094772371543665,1.0,-1.0
14.538330797961665,15.0,37.0,10.0,2.0,0.8095265930137536,3.0,-3.0
27.254572193275532,28.0,53.0,31.0,5.0,0.17433860383974442,4.0,-2.0
45.2139191063095,49.0,58.0,7.0,0.0,0.7112951048130709,1.0,-3.0
29.577911920755653,31.0,99.0,49.0,9.0,0.3782342130980958,3.0,-4.0
41.51486953635622,43.0,78.0,40.0,2.0,0.5211663289299158,1.0,-3.0
146.50026528146196,58.0,52.0,2.0,0.0,0.8902160517183343,1.0,-5.0
5.166548847888025,7.0,41.0,31.0,5.0,0.489254668006858,5.0,-1.0
29.937298697042383,19.0,52.0,11.0,8.0,0.7282548403075667,3.0,-3.0
5.212542636200351,7.0,53.0,23.0,2.0,0.0971255975124683,5.0,-5.0
4.842726068251228,6.0,51.0,40.0,3.0,0.6542895817343741,4.0,-1.0
19.559153397357033,21.0,35.0,24.0,9.0,0.2603994216631619,5.0,-1.0
0.24339904290936118,1.0,7.0,6.0,5.0,0.8514132649872332,5.0,-1.0
9.594821388859662,12.0,52.0,14.0,3.0,0.4816935282821958,3.0,-5.0
15.581889079090333,17.0,60.0,23.0,7.0,0.6749103245722765,4.0,-1.0
2.745046130708514,3.0,21.0,12.0,10.0,0.31785369855662615,2.0,-2.0
0.7965910210897538,2.0,14.0,12.0,4.0,0.9388373310535117,3.0,-5.0
1.286035644738803,2.0,22.0,18.0,3.0,0.9011481884368255,4.0,-5.0
0.4693098225443348,2.0,4.0,1.0,0.0,0.3115352403455779,2.0,-4.0
5.3806422740052176,7.0,75.0,25.0,9.0,0.2251530334688301,4.0,-5.0
11.398575057173108,12.0,93.0,67.0,7.0,0.8202467165761705,3.0,-1.0
2.3022527318674646,4.0,25.0,21.0,8.0,0.6843571781490964,3.0,-1.0
0.28222073204137005,2.0,85.0,84.0,9.0,0.9347608279958541,4.0,-3.0
21.997688125925503,22.0,60.0,19.0,9.0,0.2727033872206225,1.0,-1.0
195.09316482172142,196.0,69.0,47.0,1.0,0.38210760730127225,1.0,-1.0
7.861025352106429,9.0,54.0,20.0,4.0,0.3929284213359606,1.0,-4.0
79.46191854422875,80.0,82.0,20.0,5.0,0.6950619904976577,2.0,-2.0
135.51330515522494,112.0,84.0,57.0,0.0,0.5332070714004461,3.0,-3.0
4.722131536131191,4.0,15.0,11.0,1.0,0.5495821558365015,4.0,-3.0
33.26292765965084,34.0,47.0,30.0,8.0,0.9022158973734692,1.0,-4.0
84.81074686637483,87.0,81.0,57.0,6.0,0.3496652786221951,2.0,-2.0
51.69534384965712,48.0,54.0,42.0,5.0,0.21404470485257765,4.0,-2.0
10.746983605033325,11.0,49.0,29.0,10.0,0.9768312166313818,2.0,-4.0
23.118603488914783,24.0,44.0,22.0,10.0,0.9758072867712112,1.0,-1.0
23.820974424763005,25.0,79.0,15.0,5.0,0.6144513154582867,5.0,-1.0
104.13690517782875,82.0,52.0,16.0,8.0,0.8691397539393452,1.0,-4.0
4.625024384524987,6.0,27.0,25.0,9.0,0.3581075381295211,3.0,-1.0
5.5883373871542155,6.0,13.0,3.0,0.0,0.6973602481028961,3.0,-1.0
409.5482496436808,8.0,20.0,7.0,3.0,0.7188203273838257,2.0,-5.0
2.287807556553044,3.0,14.0,13.0,6.0,0.15671701494664148,2.0,-4.0
55.97638472328971,54.0,89.0,16.0,0.0,0.538015172292887,5.0,-3.0
31.101568874846762,32.0,75.0,19.0,3.0,0.9335174186372499,2.0,-1.0
1.6377030871391294,1.0,13.0,12.0,10.0,0.37787774134969976,5.0,-5.0
11.344245601423458,12.0,32.0,22.0,9.0,0.17080891128857822,3.0,-2.0
7.865660097373798,9.0,34.0,7.0,4.0,0.8865285218468775,4.0,-1.0
6.352130464493231,7.0,49.0,25.0,6.0,0.33481292598850376,1.0,-5.0
5.770343619167321,4.0,14.0,11.0,4.0,0.5409858094623161,2.0,-5.0
6.2118106919736995,7.0,84.0,55.0,3.0,0.963169560518195,5.0,-4.0
11.923100105560415,13.0,35.0,15.0,3.0,0.5354832186751979,4.0,-1.0
7.196238987612467,8.0,66.0,46.0,7.0,0.9448073859980123,3.0,-1.0
3.195076517666399,4.0,17.0,14.0,1.0,0.9847361622962885,1.0,-3.0
16.58620295911939,18.0,50.0,28.0,3.0,0.29854462698161366,2.0,-3.0
62.400440178819494,58.0,59.0,26.0,0.0,0.22619089607726117,5.0,-2.0
18.04386063577482,19.0,65.0,8.0,2.0,0.831793840027654,4.0,-1.0
41.41239454418246,29.0,76.0,75.0,0.0,0.2972369997828592,1.0,-3.0
4.33760130778574,5.0,11.0,6.0,2.0,0.7175702763818098,2.0,-1.0
7.666239379648153,6.0,33.0,11.0,8.0,0.7337156445049872,5.0,-3.0
6.628178878910289,8.0,32.0,18.0,4.0,0.22195148713677737,1.0,-3.0
10.29361063501533,9.0,27.0,26.0,2.0,0.09549379914287748,4.0,-3.0
4.125530568289725,5.0,21.0,11.0,2.0,0.8248811835490798,4.0,-5.0
10.788231859786542,12.0,74.0,25.0,7.0,0.9236643631203517,5.0,-1.0
29.010879999722505,26.0,68.0,13.0,2.0,0.689584045711561,5.0,-5.0
45.71943298143461,45.0,79.0,66.0,7.0,0.5299314719224278,2.0,-5.0
0.8181903039615305,2.0,36.0,5.0,2.0,0.16667142022544468,3.0,-5.0
7.106295145818744,3.0,14.0,11.0,7.0,0.6338741130641139,2.0,-5.0
163.71935404924392,166.0,95.0,67.0,5.0,0.3903414579227208,2.0,-1.0
20.611101623001666,22.0,78.0,39.0,7.0,0.6486973599094821,4.0,-2.0
56.96004929602272,59.0,88.0,51.0,2.0,0.627949587103249,1.0,-4.0
117.58352071609539,113.0,62.0,35.0,6.0,0.7506733599684937,1.0,-4.0
41.3200512890001,6.0,31.0,7.0,5.0,0.5501774832809604,4.0,-5.0
2.244972864707532,4.0,31.0,11.0,8.0,0.443946825433691,2.0,-4.0
29.74145197900513,33.0,49.0,4.0,1.0,0.6330435604139554,1.0,-2.0
10.460275771973349,11.0,46.0,45.0,8.0,0.09256167224318046,1.0,-4.0
98.8040645426662,57.0,60.0,39.0,0.0,0.4506599245429337,4.0,-4.0
1.2710686162000302,1.0,5.0,3.0,2.0,0.6966848971123185,4.0,-4.0
18.782315573807104,20.0,87.0,45.0,5.0,0.8040162231621936,4.0,-5.0
19.1856448566889,17.0,60.0,10.0,3.0,0.7606115164409913,5.0,-5.0
6.220049058818781,2.0,11.0,3.0,1.0,0.46784591277195153,5.0,-5.0
6.7083668944578845,8.0,44.0,18.0,8.0,0.8393938582126639,5.0,-2.0
7.524217630994808,8.0,64.0,42.0,8.0,0.8206486724806782,4.0,-2.0
0.9594303838076165,2.0,20.0,6.0,3.0,0.14552411329485349,2.0,-4.0
57.83536402811033,62.0,70.0,53.0,4.0,0.2156563009664736,5.0,-1.0
21.8341135792492,20.0,77.0,75.0,8.0,0.1164259213179385,4.0,-4.0
17.620428387960523,18.0,62.0,50.0,7.0,0.7101284637906364,3.0,-5.0
5.35027802380928,5.0,16.0,12.0,2.0,0.44727689302182094,2.0,-5.0
93.97281698637,92.0,73.0,66.0,9.0,0.09836040402974355,3.0,-1.0
2.535526836627754,7.0,32.0,31.0,2.0,0.5657325587168042,3.0,-3.0
6.725224358832172,7.0,83.0,27.0,7.0,0.20261215190933823,5.0,-5.0
48.18838203260639,50.0,86.0,48.0,2.0,0.35771436349237673,4.0,-1.0
24.81809666352624,3.0,9.0,8.0,4.0,0.6129424286072325,1.0,-2.0
1.24241125539844,1.0,8.0,7.0,5.0,0.7012216155590326,2.0,-2.0
2.5821712787827185,3.0,25.0,18.0,8.0,0.11272902064365853,5.0,-5.0
7.673167915401542,9.0,38.0,17.0,1.0,0.2735445278477693,3.0,-4.0
15.843665006561796,4.0,22.0,7.0,5.0,0.4933438301190698,5.0,-3.0
8.325420550040551,9.0,38.0,26.0,3.0,0.05934419883786013,1.0,-3.0
8.13337221893891,9.0,54.0,28.0,2.0,0.9107451142188104,4.0,-5.0
11.704180935953069,13.0,74.0,18.0,5.0,0.26989797100054813,4.0,-3.0
22.18503628035887,26.0,99.0,20.0,3.0,0.4233717728239613,5.0,-5.0
1454.9751478910973,81.0,64.0,59.0,6.0,0.20068729696273468,4.0,-1.0
18.877015029452984,20.0,69.0,36.0,4.0,0.916052581203676,2.0,-1.0
90.3481290341299,90.0,97.0,36.0,0.0,0.667880881038589,3.0,-4.0
36.55963247082908,38.0,66.0,31.0,8.0,0.739335009917882,2.0,-2.0
15.340994441394335,17.0,40.0,12.0,0.0,0.8041958384441287,3.0,-3.0
17.405057145752515,18.0,35.0,28.0,7.0,0.5586908238893684,1.0,-4.0
51.65672287316419,8.0,26.0,9.0,5.0,0.6661369494967313,3.0,-5.0
51.297947279368685,30.0,90.0,89.0,1.0,0.3807552911725951,2.0,-4.0
17.61315964363826,20.0,43.0,29.0,10.0,0.299143370480347,5.0,-1.0
44.698711594997434,45.0,60.0,9.0,3.0,0.5352431209991956,3.0,-1.0
21.77364701673311,23.0,87.0,58.0,7.0,0.7616978974479262,3.0,-4.0
1.0375083371642395,2.0,31.0,28.0,2.0,0.7657270032375754,5.0,-4.0
3.1997443082736936,4.0,32.0,15.0,5.0,0.18747502810950734,5.0,-5.0
0.47038714938604864,1.0,11.0,10.0,9.0,0.10926144790913073,5.0,-3.0
29.972359394104355,29.0,40.0,23.0,9.0,0.08881716197294187,5.0,-1.0
27.856944104985338,33.0,74.0,73.0,4.0,0.3452992306721473,2.0,-1.0
21.744527621273242,23.0,75.0,38.0,1.0,0.32460561291060275,1.0,-3.0
26.0203309942403,27.0,77.0,66.0,7.0,0.346508458996468,1.0,-4.0
23.326772736608156,24.0,32.0,27.0,8.0,0.09274263494276436,1.0,-1.0
8.16560983390943,9.0,47.0,31.0,9.0,0.6599062067509153,4.0,-2.0
5.969875655378245,6.0,33.0,11.0,9.0,0.8356461103628737,5.0,-3.0
9.78679943420925,11.0,70.0,43.0,8.0,0.06053631971625384,3.0,-4.0
9.07100789268419,10.0,64.0,52.0,10.0,0.7903619992117698,3.0,-5.0
0.7049441659439172,1.0,9.0,8.0,6.0,0.216289587655214,5.0,-5.0
42.25619497680415,13.0,31.0,23.0,1.0,0.3865962532907856,5.0,-4.0
27.523571137877077,30.0,93.0,18.0,6.0,0.5940016774477472,2.0,-4.0
3.3930409394369523,3.0,24.0,16.0,10.0,0.7947208765968918,4.0,-4.0
2.9257736495582836,4.0,18.0,7.0,3.0,0.8759689339488281,5.0,-5.0
85.50470688381414,87.0,87.0,19.0,4.0,0.35905557127375465,4.0,-1.0
3.389318243787209,6.0,27.0,23.0,2.0,0.6966963910481703,3.0,-3.0
65.77860254626009,66.0,65.0,28.0,0.0,0.8541643156880133,1.0,-2.0
2.7142437358616784,4.0,27.0,17.0,4.0,0.021045224191225675,5.0,-5.0
12.432595592031756,13.0,46.0,7.0,1.0,0.8273830707562901,4.0,-1.0
433.7059728930678,121.0,95.0,62.0,8.0,0.5095110518595902,4.0,-4.0
1.5638088038393516,2.0,89.0,84.0,1.0,0.8197321813078656,5.0,-5.0
0.5287981414942947,2.0,35.0,5.0,4.0,0.021783844710888012,3.0,-2.0
1.9652927444382775,2.0,51.0,14.0,10.0,0.24558497637820842,4.0,-4.0
0.9617970255337907,2.0,46.0,10.0,8.0,0.32009319587813345,2.0,-4.0
44.773067663225916,46.0,100.0,16.0,8.0,0.47935464474547973,5.0,-1.0
7.196042738753146,8.0,70.0,56.0,6.0,0.9891027473921249,2.0,-3.0
1.0404989284145025,2.0,19.0,6.0,3.0,0.2233535627813943,1.0,-4.0
8.40730782061479,10.0,88.0,34.0,9.0,0.006599123839031162,1.0,-3.0
13.401034983768392,15.0,66.0,35.0,6.0,0.7590363093761877,4.0,-3.0
6.599423389959541,3.0,18.0,9.0,8.0,0.3696943220366369,3.0,-2.0
17.08543194705383,19.0,75.0,53.0,7.0,0.6986274106903599,4.0,-5.0
8.08571448255563,9.0,50.0,33.0,7.0,0.1307420625166933,2.0,-4.0
71.00110497619086,48.0,45.0,34.0,10.0,0.19248786105438942,5.0,-1.0
4.566812538485339,6.0,73.0,18.0,1.0,0.055498233976630784,1.0,-4.0
0.3850343628825318,2.0,71.0,5.0,4.0,0.34326131587188635,2.0,-5.0
29.623060532434238,13.0,52.0,6.0,5.0,0.4254740460821881,5.0,-1.0
5.924428904895488,7.0,30.0,28.0,6.0,0.214426983788516,1.0,-5.0
10.603493429485212,11.0,38.0,20.0,4.0,0.12276583405265562,2.0,-2.0
9.843972549030044,11.0,42.0,26.0,4.0,0.395018555910022,2.0,-5.0
88.38795992931983,26.0,96.0,95.0,8.0,0.5736718632758026,2.0,-5.0
5.976556254496858,7.0,23.0,2.0,1.0,0.9027458324080614,4.0,-1.0
4.683604784852302,6.0,34.0,18.0,1.0,0.7360286835668096,5.0,-1.0
11.43527377046569,12.0,70.0,42.0,9.0,0.014274049506904474,5.0,-3.0
44.281244870492756,49.0,83.0,72.0,10.0,0.5621030417740692,2.0,-2.0
8.144079873945872,9.0,48.0,21.0,2.0,0.13340339745969743,2.0,-3.0
17.692963260468265,19.0,72.0,18.0,0.0,0.8815076028039722,4.0,-4.0
2.3195132562365615,2.0,12.0,11.0,5.0,0.34475005638928913,2.0,-5.0
20.23981662543598,22.0,50.0,37.0,5.0,0.5698263346270914,1.0,-5.0
1.0601907485013615,2.0,24.0,9.0,5.0,0.17529914773029265,2.0,-5.0
185.68471816300203,90.0,69.0,39.0,3.0,0.5437318541449093,3.0,-4.0
9.226163511508748,1.0,6.0,5.0,4.0,0.5180645689249671,3.0,-3.0
3.801271866825949,4.0,27.0,4.0,1.0,0.10539523281914176,1.0,-1.0
3.665917130415761,5.0,20.0,15.0,8.0,0.18175312611762395,3.0,-3.0
2.439500497788155,3.0,16.0,5.0,4.0,0.9454577557064778,5.0,-4.0
0.7649658601950808,2.0,12.0,9.0,2.0,0.8459633776961615,5.0,-2.0
3.896241221769128,5.0,81.0,13.0,3.0,0.1592693108045925,5.0,-4.0
3.764186479318372,5.0,49.0,12.0,4.0,0.3749413561759215,1.0,-4.0
24.648386418001543,22.0,40.0,25.0,0.0,0.49821685294102225,3.0,-5.0
220.46465021767818,27.0,38.0,37.0,1.0,0.3348452915225678,2.0,-1.0
49.78055441137616,51.0,80.0,50.0,0.0,0.14222739153809683,5.0,-2.0
31.829946718717736,33.0,80.0,73.0,8.0,0.3915795865170175,1.0,-4.0
10.728543134281262,12.0,31.0,18.0,3.0,0.6423441810745147,3.0,-2.0
13.396871984809861,14.0,18.0,11.0,0.0,0.035782561593894036,4.0,-1.0
21.928792355937404,23.0,42.0,19.0,1.0,0.39305378809994296,1.0,-2.0
1.5848951405447693,3.0,37.0,34.0,3.0,0.9732174267013057,2.0,-2.0
79.45853288340578,73.0,87.0,83.0,4.0,0.5014426798065811,1.0,-3.0
201.30041041834957,21.0,31.0,13.0,6.0,0.6815697659388703,2.0,-4.0
6.765267779724183,8.0,62.0,53.0,6.0,0.7767747605878668,2.0,-1.0
11.787557119406921,13.0,86.0,56.0,7.0,0.8862641490535873,3.0,-1.0
255.1378609589656,221.0,77.0,9.0,1.0,0.4221741920811152,2.0,-1.0
57.418370038080205,58.0,92.0,39.0,1.0,0.06763817929767713,4.0,-1.0
1.181121661109989,2.0,40.0,36.0,1.0,0.8773222660637513,4.0,-1.0
2.371415757855972,3.0,64.0,61.0,2.0,0.8530134153036361,2.0,-3.0
57.86384717890257,57.0,53.0,25.0,5.0,0.4135902598294048,2.0,-2.0
83.55730510044363,84.0,64.0,15.0,5.0,0.793211945628796,1.0,-1.0
137391.49505790122,252.0,65.0,50.0,2.0,0.24991265834908527,3.0,-1.0
53.95429739829922,53.0,70.0,19.0,6.0,0.490874074476743,4.0,-2.0
64.73434989980694,65.0,91.0,31.0,4.0,0.09715179539716434,5.0,-1.0
5.102703053777878,8.0,47.0,42.0,9.0,0.6224841017423638,4.0,-4.0
32.27452439492242,34.0,51.0,45.0,9.0,0.23718102814828124,4.0,-1.0
0.6659453775889994,2.0,23.0,21.0,6.0,0.8576070451991629,4.0,-3.0
9.556115905110708,7.0,20.0,13.0,9.0,0.7162839789780959,1.0,-4.0
64.60804655850349,14.0,25.0,9.0,5.0,0.44952943434224335,3.0,-2.0
5.625901596683619,7.0,31.0,15.0,8.0,0.6919983712840864,5.0,-2.0
12.718266178338956,14.0,83.0,20.0,8.0,0.9933579121174113,5.0,-2.0
12.679523351792707,14.0,83.0,56.0,0.0,0.06482557702347713,4.0,-5.0
6.046532913275821,7.0,38.0,9.0,0.0,0.9660228270741001,5.0,-1.0
22.082227142455274,23.0,56.0,10.0,1.0,0.5138538691715598,5.0,-1.0
1.2729124742268634,3.0,29.0,3.0,1.0,0.3469714374941886,3.0,-4.0
19.29502962071981,19.0,74.0,11.0,6.0,0.8072321746318658,5.0,-4.0
168.30458290063456,170.0,100.0,74.0,4.0,0.646021845047845,1.0,-3.0
15.203908632547513,17.0,78.0,49.0,5.0,0.6563782504214354,5.0,-4.0
35.63614976651478,19.0,49.0,11.0,9.0,0.6132665860311677,3.0,-2.0
598.9088403042676,338.0,62.0,39.0,5.0,0.6794677244416224,1.0,-2.0
4.024896936375328,3.0,12.0,11.0,5.0,0.07275408556695773,5.0,-2.0
0.9797162623382537,1.0,11.0,10.0,9.0,0.40414073715860055,4.0,-1.0
115.87852556767537,116.0,71.0,35.0,1.0,0.3532946469872741,1.0,-1.0
16.559254107533956,18.0,86.0,52.0,7.0,0.2137477156501636,2.0,-4.0
2.0576039183478283,3.0,14.0,8.0,7.0,0.8645016386838043,4.0,-4.0
36.61444494303515,37.0,57.0,27.0,0.0,0.6365581263836995,3.0,-3.0
9.497551515945297,10.0,71.0,53.0,9.0,0.06120450402174593,1.0,-5.0
38.23029618792172,39.0,43.0,40.0,7.0,0.06840512250038688,1.0,-1.0
1.1445734835622454,2.0,19.0,3.0,0.0,0.075787261703263,2.0,-3.0
6.164440883383658,7.0,53.0,36.0,8.0,0.8619724593140808,4.0,-5.0
11.128536513690369,12.0,59.0,6.0,5.0,0.9604218313701774,5.0,-1.0
68.28056159108968,69.0,89.0,70.0,9.0,0.021325429731204104,4.0,-1.0
1.0680221192218524,2.0,18.0,17.0,10.0,0.7872620392410201,2.0,-3.0
192.9551831186674,186.0,81.0,35.0,7.0,0.8476794655178659,1.0,-4.0
24.4354022373346,25.0,42.0,18.0,10.0,0.2242020556581783,2.0,-1.0
55.50943372694929,56.0,87.0,19.0,0.0,0.8062542501086021,2.0,-2.0
1.0321110140847516,2.0,22.0,17.0,6.0,0.9740733525378672,5.0,-1.0
10.934233445458482,9.0,44.0,5.0,4.0,0.8208474409127257,5.0,-3.0
1.8117680839538068,1.0,3.0,2.0,1.0,0.5173156742772707,2.0,-1.0
47.18743420156918,47.0,72.0,54.0,2.0,0.4140016726309166,3.0,-4.0
24.712736454938316,26.0,59.0,18.0,3.0,0.6647658847368056,3.0,-1.0
4.257048854577111,5.0,53.0,47.0,2.0,0.9015711824851347,2.0,-4.0
9.011503402233698,11.0,80.0,71.0,10.0,0.3997446951586159,4.0,-1.0
24.04723649420252,25.0,100.0,36.0,7.0,0.8087754967212706,4.0,-3.0
19.0238573416772,20.0,66.0,51.0,1.0,0.27434424993862094,1.0,-4.0
0.5713014207909304,2.0,13.0,12.0,5.0,0.7917315809156003,3.0,-3.0
7.679935960352402,9.0,68.0,58.0,2.0,0.66041883816805,3.0,-2.0
15.39828832670291,16.0,23.0,18.0,3.0,0.012932876637081092,1.0,-1.0
3.7395680074503144,1.0,11.0,8.0,5.0,0.35530758888539704,5.0,-4.0
0.2856780667457609,1.0,4.0,3.0,0.0,0.8125554673269465,5.0,-3.0
0.4725515261007743,2.0,88.0,10.0,9.0,0.3767657303949774,1.0,-4.0
308.3007705019894,300.0,91.0,41.0,2.0,0.21837503849203943,3.0,-1.0
9.45205029715647,11.0,68.0,41.0,9.0,0.8094205163812026,4.0,-2.0
29.711124359917484,31.0,81.0,46.0,3.0,0.07896151969832454,5.0,-2.0
10.950402658463439,4.0,20.0,12.0,10.0,0.5461133485135707,3.0,-2.0
5.831951605601602,6.0,12.0,10.0,1.0,0.06525390252465935,5.0,-2.0
57.76883140884119,58.0,75.0,38.0,4.0,0.1028618323634789,3.0,-1.0
44.26382656741802,45.0,96.0,79.0,1.0,0.07927958298560434,1.0,-2.0
25.249316749862896,7.0,17.0,13.0,8.0,0.8316840256679161,1.0,-4.0
113.50372608497408,35.0,35.0,29.0,5.0,0.8105723401459228,1.0,-4.0
35.781707617690245,13.0,27.0,26.0,9.0,0.38122422648440546,2.0,-2.0
1.02948411764165,1.0,6.0,4.0,3.0,0.9809068657875023,2.0,-1.0
80.30288375126581,81.0,94.0,33.0,4.0,0.822803432544473,2.0,-5.0
3.1037734109265407,4.0,41.0,34.0,6.0,0.6510638550711957,4.0,-1.0
158.16703632354876,123.0,94.0,11.0,3.0,0.25412694698092675,5.0,-1.0
19.953793501400536,22.0,65.0,31.0,7.0,0.7839894412192313,3.0,-3.0
1.2824320498022852,3.0,47.0,42.0,9.0,0.9873552560514667,4.0,-4.0
17.274447838657334,18.0,73.0,61.0,10.0,0.011915627110950178,1.0,-3.0
22.209832175402266,24.0,45.0,26.0,5.0,0.26361820483207177,2.0,-2.0
16.342063410098568,18.0,38.0,17.0,1.0,0.547504574269602,4.0,-2.0
286.3744961871832,54.0,51.0,31.0,2.0,0.414104857008613,4.0,-3.0
51.50906450477505,52.0,100.0,76.0,7.0,0.7329687039625339,1.0,-1.0
127.73604408893053,90.0,82.0,39.0,4.0,0.41707896086290175,5.0,-3.0
13.369182358042561,12.0,33.0,31.0,10.0,0.061317615846492646,5.0,-2.0
11.351002702441981,12.0,71.0,30.0,10.0,0.04760822414926691,3.0,-2.0
1.5276039473634033,2.0,62.0,58.0,9.0,0.7697466247609396,4.0,-2.0
3.7259258574644387,5.0,70.0,8.0,3.0,0.20725645815042493,5.0,-3.0
4.983903396977986,6.0,21.0,12.0,9.0,0.34951554228463455,2.0,-2.0
3.7965363157116734,5.0,20.0,18.0,8.0,0.05228859870374214,4.0,-3.0
4.010149048588893,6.0,23.0,7.0,4.0,0.31297453263890207,2.0,-2.0
10.64351860074783,11.0,74.0,38.0,4.0,0.9117628745370323,4.0,-3.0
16.173403203332224,17.0,57.0,24.0,7.0,0.840064483080891,3.0,-3.0
21.225855835904245,22.0,84.0,35.0,5.0,0.7308505267293621,5.0,-5.0
257.68851523851174,63.0,59.0,55.0,9.0,0.455372477545785,2.0,-2.0
9.658480868169477,4.0,19.0,18.0,6.0,0.6262614317270251,1.0,-5.0
9.077907015208378,10.0,40.0,34.0,0.0,0.050928656946161666,1.0,-4.0
112.20902591705119,6.0,33.0,28.0,3.0,0.4777201523712711,5.0,-5.0
2.582422762810857,3.0,31.0,10.0,0.0,0.12529637138475225,4.0,-5.0
21.396593502657293,21.0,53.0,45.0,6.0,0.1681828498597452,4.0,-3.0
4.062811173260228,5.0,15.0,11.0,6.0,0.4423312586548467,1.0,-3.0
6.810158717517265,7.0,89.0,10.0,5.0,0.08860090699800816,2.0,-1.0
10.404538929161868,11.0,90.0,60.0,1.0,0.8759285539198232,4.0,-5.0
0.9936653332782915,2.0,37.0,35.0,4.0,0.8354583501807424,3.0,-3.0
214.65461230955162,212.0,72.0,38.0,8.0,0.7194646625326471,1.0,-2.0
17.57550255751459,5.0,24.0,14.0,10.0,0.3960586415510511,4.0,-3.0
41.837412962167875,43.0,87.0,66.0,0.0,0.40374409996908145,2.0,-4.0
21.25381363698543,22.0,47.0,43.0,10.0,0.361834368132243,1.0,-3.0
0.9735463314314519,2.0,14.0,12.0,9.0,0.31974709315426963,1.0,-5.0
5.075653785147328,6.0,26.0,9.0,8.0,0.918665277410823,4.0,-4.0
10.675595953367257,12.0,43.0,13.0,7.0,0.7620295135006024,4.0,-1.0
23.96149890326455,12.0,53.0,12.0,7.0,0.6711078266243774,5.0,-5.0
15.695491029829226,11.0,53.0,8.0,3.0,0.7867065446660934,5.0,-5.0
10.88705657219471,9.0,32.0,22.0,8.0,0.48981523878478517,5.0,-3.0
31.100491043834847,33.0,50.0,27.0,6.0,0.2899230270865202,5.0,-1.0
0.50795246818532,1.0,7.0,6.0,4.0,0.007827964901647722,4.0,-4.0
11.113160854274074,13.0,42.0,19.0,5.0,0.6233720663337701,1.0,-5.0
6.6985956488017075,7.0,26.0,20.0,8.0,0.05214493346278315,2.0,-2.0
3.2864617953584294,3.0,12.0,3.0,2.0,0.6230845693845671,5.0,-1.0
3.031808614830616,4.0,92.0,12.0,4.0,0.07226220277450124,2.0,-3.0
1.0453122101464698,4.0,39.0,38.0,9.0,0.6618502204725014,4.0,-5.0
159.44661581343442,96.0,84.0,70.0,3.0,0.368542380462763,4.0,-3.0
23.861556791253218,25.0,67.0,33.0,2.0,0.1168065278165793,4.0,-2.0
3.1197549072167012,4.0,23.0,10.0,0.0,0.15892399900596488,1.0,-4.0
20.431071953835744,22.0,88.0,63.0,8.0,0.38467030246648204,1.0,-5.0
13.458994461682922,14.0,60.0,35.0,3.0,0.12448156374382369,2.0,-3.0
3.023633264254533,4.0,15.0,6.0,1.0,0.7751723841790759,5.0,-4.0
114.43909400619971,110.0,60.0,28.0,9.0,0.7084932051302095,1.0,-3.0
230.317154971454,85.0,88.0,50.0,6.0,0.573887764559898,4.0,-5.0
61.88219123112508,63.0,89.0,5.0,1.0,0.7858059986179581,2.0,-1.0
22.375624201510544,23.0,98.0,14.0,9.0,0.8615650239321556,5.0,-4.0
10.418318406317578,12.0,23.0,15.0,5.0,0.35357564796923213,4.0,-1.0
19.758473819680393,21.0,56.0,43.0,6.0,0.30391224734642197,3.0,-4.0
6.700410398975564,8.0,46.0,18.0,1.0,0.9178848508187044,5.0,-5.0
9.592745412821753,11.0,70.0,27.0,10.0,0.15347843254969473,5.0,-3.0
83.78219403325664,80.0,68.0,50.0,8.0,0.29974003310696673,3.0,-2.0
17.159567412435063,18.0,78.0,31.0,7.0,0.7898327977462144,4.0,-2.0
7.769076560558321,8.0,32.0,26.0,10.0,0.13436474031219692,4.0,-3.0
9.71206178208737,10.0,49.0,14.0,3.0,0.9504707752239712,4.0,-4.0
28.92597535843375,30.0,96.0,30.0,0.0,0.245358736273118,5.0,-3.0
6.6966763399307245,7.0,61.0,18.0,3.0,0.12668047952488293,3.0,-3.0
4.895880017428576,5.0,13.0,7.0,4.0,0.5563800572440974,3.0,-1.0
12.475292643973724,14.0,72.0,17.0,4.0,0.39158805535067365,2.0,-3.0
6.088397791287853,7.0,65.0,42.0,3.0,0.955535390046678,4.0,-1.0
1.7108195347257147,3.0,40.0,5.0,0.0,0.21548481315399293,1.0,-4.0
0.9177189872461047,2.0,10.0,8.0,7.0,0.582068364303804,1.0,-4.0
493.3233308707692,71.0,80.0,36.0,7.0,0.5654656663955587,4.0,-5.0
30.350173097172863,31.0,32.0,8.0,3.0,0.9302565965951126,1.0,-2.0
29.54052033195417,30.0,76.0,34.0,5.0,0.006099196695253495,2.0,-1.0
4.021514271663696,5.0,28.0,10.0,3.0,0.934490741050927,5.0,-3.0
6.779006654896847,8.0,95.0,80.0,10.0,0.6425427135158418,4.0,-1.0
14.753063303517346,5.0,28.0,25.0,10.0,0.3314735561361628,5.0,-4.0
8.781785623371508,10.0,62.0,37.0,8.0,0.8558501805923439,4.0,-4.0
262.8563067828827,177.0,93.0,66.0,3.0,0.46005422076985614,3.0,-3.0
4.181098336714997,5.0,63.0,52.0,6.0,0.8044125221973706,4.0,-3.0
2.5049241636298865,3.0,14.0,6.0,3.0,0.8387418921622919,4.0,-1.0
90.54988299690895,3.0,17.0,16.0,10.0,0.3222896967553144,4.0,-2.0
41.38186694244205,42.0,56.0,18.0,3.0,0.6394255327085985,2.0,-1.0
220.4786163334421,99.0,93.0,78.0,5.0,0.7240048298103526,2.0,-5.0
59.63107369625178,60.0,97.0,83.0,10.0,0.37246282050672963,4.0,-2.0
13.71279882944799,14.0,47.0,22.0,4.0,0.6470127029251675,5.0,-4.0
32.77606726812179,33.0,79.0,75.0,6.0,0.17896107891437107,2.0,-3.0
5.861582837905851,3.0,13.0,9.0,5.0,0.5529317447006326,2.0,-4.0
39.5255189800341,40.0,86.0,28.0,10.0,0.6834258015350099,4.0,-4.0
8.665565868363592,9.0,30.0,23.0,1.0,0.9615589819830631,1.0,-4.0
41.943596131080554,42.0,80.0,65.0,10.0,0.6788115634282116,1.0,-1.0
9.275227095350076,3.0,21.0,12.0,7.0,0.5970326646181197,5.0,-5.0
2.832928763275057,4.0,81.0,67.0,7.0,0.9927352648913352,5.0,-3.0
38.679014854315994,40.0,93.0,65.0,10.0,0.1972550386586991,5.0,-3.0
4.412272768284221,1.0,10.0,9.0,8.0,0.6133202832775981,1.0,-1.0
16.40811285469059,18.0,65.0,27.0,6.0,0.5440290643296407,1.0,-4.0
0.8160756106320627,2.0,18.0,17.0,7.0,0.6450753305139177,3.0,-2.0
181.64607766399675,181.0,94.0,39.0,5.0,0.860557321916675,1.0,-4.0
12.39803903894194,14.0,68.0,31.0,2.0,0.8871492130846382,4.0,-5.0
12.010500550266089,13.0,64.0,36.0,9.0,0.7218822241256724,4.0,-2.0
106.9710050379282,30.0,59.0,48.0,4.0,0.4588673585104682,5.0,-5.0
129.35628381666513,130.0,82.0,63.0,3.0,0.17872159426740808,2.0,-1.0
7.85329429201881,9.0,47.0,30.0,5.0,0.6849662966318175,5.0,-4.0
13.392633714369499,14.0,60.0,35.0,3.0,0.23008954365215273,3.0,-4.0
6.631367785367491,7.0,22.0,15.0,2.0,0.1299525146854832,5.0,-3.0
34.82602902590264,36.0,55.0,13.0,4.0,0.7353315051486495,2.0,-1.0
20.926609421260263,22.0,57.0,26.0,0.0,0.6203418859687052,3.0,-1.0
42.97754716874212,45.0,90.0,57.0,5.0,0.4709803495486625,5.0,-3.0
1024.067497379305,152.0,95.0,8.0,3.0,0.2169910675268265,4.0,-1.0
59.80848072383885,56.0,40.0,17.0,5.0,0.6998398895325184,1.0,-3.0
7.509662276270791,9.0,50.0,31.0,5.0,0.06722421322867911,4.0,-4.0
3.2047060462856276,4.0,30.0,17.0,10.0,0.3631424599386731,1.0,-4.0
37.92154264718557,41.0,93.0,47.0,10.0,0.3373835493972358,3.0,-3.0
24.70751393859591,26.0,56.0,30.0,1.0,0.11803828426982088,5.0,-2.0
2.2047921878137675,3.0,21.0,18.0,8.0,0.7658103507818411,3.0,-4.0
13.867041325183688,12.0,35.0,6.0,5.0,0.8182579300075152,3.0,-2.0
8.348666703694592,10.0,50.0,24.0,5.0,0.3891696435861206,2.0,-5.0
2.167976658171687,3.0,38.0,13.0,9.0,0.4309923370325114,1.0,-4.0
25.634458638312164,17.0,40.0,35.0,9.0,0.28367717639734513,4.0,-3.0
2.6364429156912617,4.0,27.0,15.0,8.0,0.925264544169207,5.0,-1.0
3.0807844005725564,4.0,58.0,11.0,0.0,0.061354393197687984,3.0,-4.0
13.232643022339062,14.0,79.0,58.0,2.0,0.8233730684466083,3.0,-5.0
98.27633416668932,99.0,96.0,53.0,10.0,0.18748608073819528,2.0,-1.0
57.522837170656594,24.0,42.0,41.0,0.0,0.25744792149816,3.0,-2.0
15.183394488033258,16.0,52.0,30.0,10.0,0.28046191607808857,3.0,-3.0
7.630202064810665,4.0,21.0,13.0,6.0,0.6310581281473329,4.0,-4.0
30.850759637136246,31.0,62.0,5.0,0.0,0.7695208848691486,3.0,-2.0
1.5927497154271724,2.0,11.0,9.0,7.0,0.7518966896531729,2.0,-1.0
20.64713797201521,21.0,29.0,13.0,3.0,0.9437314510815753,1.0,-3.0
22.842185780149993,25.0,68.0,25.0,6.0,0.5210257121249802,3.0,-5.0
14.289372585269819,15.0,64.0,18.0,10.0,0.1100358421571499,3.0,-1.0
20.304965680920525,21.0,48.0,40.0,8.0,0.8484980733988283,1.0,-3.0
90.40978422558352,25.0,47.0,3.0,1.0,0.24777883164026915,5.0,-1.0
9.555476350235555,8.0,34.0,30.0,1.0,0.19650911229260581,5.0,-5.0
1212.7657453206461,21.0,73.0,70.0,5.0,0.56377192848533,3.0,-4.0
3.6522317580213404,5.0,87.0,16.0,8.0,0.1349264171407103,3.0,-3.0
118.72857748990884,70.0,40.0,31.0,10.0,0.20578149666245082,3.0,-1.0
30.154601161934938,31.0,40.0,23.0,1.0,0.5127522788890978,3.0,-2.0
246.8425917038298,132.0,87.0,38.0,3.0,0.4083156049492266,4.0,-3.0
108.47499524876085,110.0,88.0,15.0,2.0,0.5576553835674061,2.0,-1.0
11.069828892389701,12.0,45.0,24.0,10.0,0.3470602276495035,2.0,-3.0
0.36647124411807075,2.0,11.0,4.0,3.0,0.254254588292981,1.0,-4.0
6.211909339004217,7.0,61.0,54.0,5.0,0.7089559005659987,2.0,-1.0
4.950288440453913,5.0,53.0,9.0,5.0,0.29799156917242065,2.0,-2.0
19.08032012050635,19.0,72.0,5.0,1.0,0.8139339354426799,5.0,-3.0
88.29891954117822,86.0,56.0,15.0,0.0,0.2928663684970225,4.0,-1.0
35.38647728264388,27.0,55.0,52.0,1.0,0.42646191466189387,2.0,-4.0
1.1906239641794334,2.0,24.0,19.0,2.0,0.8665797865135854,5.0,-1.0
3.038029894304,4.0,92.0,24.0,10.0,0.06529173581380332,1.0,-5.0
40.484421879489076,42.0,65.0,54.0,4.0,0.4412392614322358,1.0,-3.0
5.1057119667114215,6.0,23.0,15.0,1.0,0.2515946026223892,1.0,-4.0
83.33584899480496,37.0,42.0,8.0,4.0,0.6815975367386478,2.0,-3.0
0.9357163762454653,1.0,6.0,4.0,0.0,0.07252003902615412,5.0,-5.0
4.046189784228671,5.0,51.0,15.0,0.0,0.048801432133043,2.0,-4.0
28.609386904056773,29.0,49.0,3.0,0.0,0.9019659714682426,2.0,-2.0
161.93514547769738,20.0,46.0,45.0,7.0,0.6913345387625666,1.0,-3.0
3.0526948979424406,4.0,32.0,9.0,0.0,0.20517852910665502,5.0,-5.0
0.547413636574619,1.0,8.0,6.0,4.0,0.8076491931128511,5.0,-2.0
218.4720019974474,54.0,91.0,13.0,5.0,0.5446281441596984,4.0,-4.0
349.8078127104822,250.0,54.0,31.0,5.0,0.3085578241772825,2.0,-1.0
0.616292019115372,2.0,17.0,6.0,4.0,0.21934814625889365,3.0,-5.0
3.2313901987095415,4.0,23.0,18.0,7.0,0.08512748279615467,3.0,-4.0
43.957529790863546,45.0,83.0,53.0,4.0,0.7364953860816602,2.0,-3.0
1.2442587847587936,2.0,12.0,9.0,5.0,0.7351789993029956,4.0,-2.0
22.32905802924694,23.0,59.0,40.0,5.0,0.9503030531652747,1.0,-2.0
37.00970645569529,12.0,34.0,3.0,2.0,0.36752361998391114,4.0,-1.0
3.1422697811916054,4.0,17.0,9.0,6.0,0.9351329069690262,3.0,-4.0
37.769946219530745,39.0,58.0,40.0,5.0,0.41466746181437986,2.0,-3.0
19.9210618683905,7.0,26.0,11.0,10.0,0.5505943819571292,3.0,-2.0
1.3829339953467072,3.0,42.0,36.0,4.0,0.9173252320961073,5.0,-3.0
7.128785481348731,8.0,64.0,31.0,2.0,0.9381865860680605,5.0,-1.0
27.053697273773174,28.0,45.0,17.0,1.0,0.67832622797851,2.0,-1.0
32.3389585238867,17.0,38.0,26.0,10.0,0.4815813519744807,4.0,-3.0
0.5833441847699289,2.0,8.0,4.0,2.0,0.19643654376429565,3.0,-5.0
57.19962550322619,43.0,74.0,69.0,9.0,0.325173680561318,3.0,-3.0
25.919164025395563,2.0,13.0,11.0,7.0,0.26366771928688526,5.0,-2.0
9.782679062868612,11.0,47.0,17.0,4.0,0.86666351542944,4.0,-3.0
120.86979827907938,57.0,72.0,62.0,0.0,0.4358814185980039,4.0,-4.0
31.800824019384848,32.0,94.0,30.0,7.0,0.751565808330106,4.0,-4.0
0.5612073839946364,2.0,95.0,94.0,7.0,0.9563744984544099,2.0,-3.0
26.000831215969782,27.0,80.0,60.0,10.0,0.7538412355656995,2.0,-3.0
4.036365077820189,6.0,33.0,26.0,3.0,0.5334619449869804,5.0,-2.0
164.94416196002882,6.0,30.0,29.0,7.0,0.40951736139190176,4.0,-3.0
3.104488413741337,4.0,40.0,32.0,10.0,0.7307682345267064,5.0,-4.0
7.417737790918003,10.0,42.0,9.0,5.0,0.49215040723339,2.0,-3.0
50.30601962227472,51.0,60.0,32.0,3.0,0.889148357444295,1.0,-3.0
17.61980038953523,17.0,42.0,17.0,8.0,0.6312654712093757,4.0,-3.0
3.448626008914322,4.0,17.0,9.0,7.0,0.8299411112803239,3.0,-1.0
1.1083853527828298,2.0,9.0,8.0,1.0,0.6340710979532206,2.0,-1.0
2.884812942265941,4.0,17.0,10.0,7.0,0.8853000967543977,3.0,-2.0
27.08561051772449,28.0,44.0,32.0,8.0,0.02848016399432185,3.0,-1.0
4.086333725975218,6.0,75.0,71.0,5.0,0.4255532244177559,5.0,-2.0
4.11143049977228,5.0,61.0,15.0,3.0,0.020326957936863788,1.0,-3.0
12.199647564852912,13.0,82.0,26.0,2.0,0.948787067436845,5.0,-3.0
7.825658993161283,9.0,57.0,19.0,0.0,0.9794030131831634,5.0,-2.0
30.17106272628496,18.0,33.0,30.0,3.0,0.6841837975405616,1.0,-5.0
21.873940254349556,23.0,98.0,38.0,10.0,0.7492211142692157,5.0,-4.0
7.324989550071402,7.0,25.0,10.0,4.0,0.3115551719223659,4.0,-3.0
305.0581356740124,201.0,93.0,53.0,6.0,0.6885204246460661,2.0,-4.0
147.32579300850452,51.0,88.0,81.0,8.0,0.7210733919868095,2.0,-5.0
1.9314310936571786,3.0,97.0,91.0,6.0,0.7295006884276495,5.0,-2.0
10.307028103944159,12.0,38.0,22.0,3.0,0.35943293889067585,2.0,-4.0
8.502636510786223,9.0,19.0,11.0,3.0,0.9881769258241584,1.0,-4.0
2.6792140066141927,4.0,59.0,11.0,4.0,0.34104192057185134,2.0,-5.0
0.41179843567342156,2.0,87.0,86.0,2.0,0.8253747231038953,4.0,-5.0
15.180946060474438,16.0,99.0,72.0,0.0,0.9446363206292195,2.0,-2.0
1.6234373455571,3.0,12.0,4.0,1.0,0.9879692792881508,5.0,-1.0
5.907718850385449,7.0,27.0,12.0,7.0,0.7565085153812887,4.0,-2.0
11.58167146841569,13.0,47.0,26.0,6.0,0.3247333629748905,3.0,-4.0
24.61730328255421,11.0,21.0,10.0,9.0,0.8617100426653503,1.0,-3.0
6.096964374233793,7.0,27.0,12.0,3.0,0.9228915309159206,3.0,-4.0
0.9374911798518228,1.0,11.0,10.0,8.0,0.8666681003042392,2.0,-5.0
1.839874202534398,3.0,9.0,2.0,0.0,0.38259383198644437,2.0,-3.0
14.613828640989025,16.0,74.0,32.0,5.0,0.28810872114186925,1.0,-3.0
12.668009723127236,14.0,38.0,25.0,0.0,0.20530500770994864,2.0,-3.0
7.414013251235068,4.0,20.0,4.0,3.0,0.2664457548908016,5.0,-2.0
6.12894939384269,8.0,45.0,7.0,2.0,0.5977427852474512,2.0,-5.0
0.3912703732169622,2.0,59.0,58.0,2.0,0.7284197175978228,5.0,-4.0
15.339081369618869,17.0,63.0,6.0,0.0,0.9644997851117753,4.0,-4.0
3.2962369424761495,5.0,43.0,36.0,5.0,0.680403749358219,5.0,-4.0
7.70563725721948,8.0,25.0,15.0,4.0,0.0817819542310867,5.0,-2.0
7.794778605372197,9.0,42.0,29.0,8.0,0.26117776878161225,1.0,-4.0
19.86242310174755,21.0,82.0,63.0,2.0,0.15481236698798462,2.0,-4.0
13.104462040895482,14.0,66.0,51.0,5.0,0.6907747141544747,3.0,-3.0
4.627285881570548,4.0,28.0,8.0,7.0,0.5315433994115745,4.0,-5.0
3.3986462716369625,4.0,14.0,8.0,5.0,0.058647802650693914,1.0,-1.0
3.3872911194553827,5.0,74.0,6.0,1.0,0.280432691110152,5.0,-4.0
137.9019456818502,138.0,98.0,71.0,10.0,0.7989478227926728,1.0,-3.0
5.678923151045405,7.0,21.0,14.0,3.0,0.02100435197383832,1.0,-2.0
6.427812272168226,7.0,41.0,12.0,7.0,0.9511643895632585,5.0,-5.0
134.94940055785827,135.0,69.0,38.0,6.0,0.3814370428185774,1.0,-1.0
33.036910398206125,33.0,25.0,22.0,1.0,0.18217366958836012,1.0,-1.0
86.53199640996634,88.0,55.0,45.0,2.0,0.37185472971416866,2.0,-1.0
0.3407735175382264,1.0,7.0,6.0,5.0,0.15221423843358506,3.0,-4.0
3.9188326360503147,5.0,41.0,19.0,5.0,0.23791792521704358,1.0,-5.0
1.3866246612840962,3.0,22.0,18.0,7.0,0.9807837948369489,3.0,-3.0
18.774447479969638,20.0,99.0,70.0,2.0,0.6361631618046277,3.0,-1.0
11.770952566742679,12.0,63.0,53.0,10.0,0.13469396587757054,5.0,-5.0
197.352921910808,21.0,23.0,20.0,9.0,0.3147540965469442,2.0,-1.0
12.332317265313973,13.0,82.0,71.0,1.0,0.9819942292453927,1.0,-5.0
38.53976535561974,40.0,61.0,22.0,6.0,0.5282814615643309,1.0,-2.0
57.048082303231745,40.0,57.0,7.0,1.0,0.4794089417830367,4.0,-2.0
21.15456893479101,22.0,72.0,60.0,0.0,0.02728887878429409,3.0,-3.0
4.305783249480827,5.0,35.0,21.0,2.0,0.08390430467504895,2.0,-5.0
9.38642845425539,10.0,64.0,20.0,0.0,0.9479364935312955,5.0,-1.0
56.879521801806185,7.0,20.0,11.0,0.0,0.5731365753729241,4.0,-5.0
9.558271771855871,11.0,79.0,29.0,2.0,0.3625369270990856,1.0,-5.0
10.497561646136086,12.0,66.0,53.0,5.0,0.5595957051317961,3.0,-1.0
6.8732239122946925,8.0,91.0,13.0,7.0,0.375682402874178,1.0,-2.0
3.9497466776665178,5.0,88.0,13.0,0.0,0.14172993556739655,1.0,-4.0
0.5811558610434372,2.0,95.0,94.0,6.0,0.6201181321090434,4.0,-2.0
30.115043592448778,31.0,92.0,78.0,10.0,0.1483984621091452,2.0,-3.0
7.381507050770151,8.0,98.0,71.0,1.0,0.8082556625108333,5.0,-2.0
13.236418166581892,14.0,39.0,29.0,0.0,0.20226874002030681,1.0,-3.0
1.0020565966614987,2.0,60.0,8.0,4.0,0.0016419006019026128,1.0,-4.0
12.422802815228119,13.0,29.0,15.0,5.0,0.09751433920605257,1.0,-1.0
68.38521113446514,68.0,66.0,17.0,1.0,0.5433058381691673,3.0,-2.0
3.080481251281224,5.0,95.0,14.0,9.0,0.4753753980537674,1.0,-4.0
18.348026403054114,12.0,24.0,15.0,2.0,0.3273538471080769,4.0,-3.0
38.39081468150718,18.0,70.0,69.0,4.0,0.3674318524734962,4.0,-5.0
46.03988209983334,47.0,70.0,29.0,6.0,0.945266127214392,1.0,-1.0
4.4427478352156875,5.0,37.0,16.0,8.0,0.17133037298006182,4.0,-3.0
10.128482756138567,9.0,34.0,31.0,10.0,0.41809130173346987,2.0,-5.0
0.21427599536121708,2.0,33.0,6.0,5.0,0.055520277859213096,1.0,-5.0
26.721469498510587,13.0,29.0,20.0,10.0,0.6042948473788253,2.0,-4.0
2.5340136473911916,4.0,51.0,45.0,7.0,0.6709731494627652,5.0,-3.0
116.69604617751162,1.0,7.0,6.0,5.0,0.7155098958028827,2.0,-5.0
22.976697352766113,23.0,79.0,67.0,8.0,0.9203780451687018,1.0,-5.0
34.57494302640477,36.0,75.0,46.0,3.0,0.3512649552760735,2.0,-3.0
499.2869501217017,36.0,49.0,32.0,9.0,0.5762926509483335,3.0,-4.0
6.521825145222336,7.0,23.0,12.0,3.0,0.37428831435557164,3.0,-4.0
11.339339652739943,13.0,93.0,80.0,4.0,0.592350177071489,4.0,-3.0
1.9121226030915996,3.0,93.0,90.0,1.0,0.4281561753370726,5.0,-1.0
1.0632040266679954,1.0,7.0,6.0,4.0,0.2797233762677105,1.0,-3.0
4.404135135346168,5.0,30.0,20.0,8.0,0.8078437067963501,4.0,-5.0
17.97250998312276,16.0,59.0,8.0,3.0,0.8708518982471439,4.0,-5.0
22.394205344061135,24.0,73.0,44.0,2.0,0.8237444637401556,2.0,-2.0
10.910713881836058,9.0,22.0,14.0,4.0,0.5139116146401168,2.0,-4.0
5.650183000331158,7.0,65.0,17.0,2.0,0.22420312170653445,2.0,-4.0
78.44287996922766,24.0,44.0,33.0,6.0,0.5819750626019343,3.0,-5.0
9.439702180620557,7.0,17.0,13.0,6.0,0.6059355455146638,2.0,-2.0
0.8037479558228954,3.0,21.0,20.0,8.0,0.44883422539499396,4.0,-1.0
11.084658320778994,12.0,98.0,30.0,8.0,0.005091621129496682,1.0,-2.0
19.8759737753716,20.0,62.0,61.0,4.0,0.033053994684917876,1.0,-3.0
43.34814191302876,9.0,31.0,10.0,5.0,0.4982722033831044,5.0,-4.0
26.680299363018115,28.0,58.0,38.0,4.0,0.5322359257486561,2.0,-5.0
16.52384105813224,17.0,22.0,17.0,9.0,0.6512965412342562,1.0,-1.0
30.449979553705553,6.0,18.0,17.0,5.0,0.6514777663574844,1.0,-3.0
17.919624825180186,19.0,75.0,47.0,7.0,0.2946350682540234,2.0,-4.0
12.910603070955784,13.0,29.0,19.0,3.0,0.9248523854137742,1.0,-2.0
45.445228327883996,47.0,47.0,17.0,1.0,0.5533784374716761,2.0,-1.0
7.28577287165919,8.0,48.0,29.0,9.0,0.20915400575191145,2.0,-4.0
297.62727097580466,94.0,38.0,15.0,0.0,0.8154555729551206,1.0,-4.0
28.14556172483413,29.0,61.0,47.0,4.0,0.8994828252985063,1.0,-4.0
6.8996058881179865,4.0,24.0,18.0,10.0,0.3550641853729458,4.0,-4.0
21.9219459575135,23.0,64.0,17.0,3.0,0.5239950420086625,5.0,-1.0
3.1424447868641807,4.0,99.0,87.0,10.0,0.8031138075552686,5.0,-1.0
6.363598125775691,8.0,77.0,28.0,2.0,0.11428264548386435,3.0,-5.0
10.060600131572471,4.0,24.0,22.0,10.0,0.3807228212724483,5.0,-5.0
4.845998035867722,5.0,70.0,14.0,10.0,0.08728831807256787,1.0,-1.0
1.1690504451195294,2.0,12.0,9.0,4.0,0.10328922797696283,2.0,-5.0
20.098278770446015,21.0,68.0,9.0,4.0,0.7871149532143811,4.0,-1.0
10.774229395413725,12.0,75.0,53.0,1.0,0.506984895664785,5.0,-1.0
14.76538782587928,16.0,73.0,25.0,3.0,0.8929779811121177,4.0,-3.0
9.421280682358963,10.0,24.0,7.0,4.0,0.9608851189803088,2.0,-3.0
40.16166053753751,20.0,61.0,8.0,6.0,0.6649583187380381,4.0,-4.0
0.292195441510026,1.0,6.0,5.0,4.0,0.9174809821184542,4.0,-3.0
20.005138049511103,21.0,88.0,10.0,5.0,0.8164997229458109,5.0,-1.0
1.5682080225262265,3.0,12.0,7.0,5.0,0.4311647480322477,1.0,-3.0
20.382945023015335,20.0,48.0,44.0,2.0,0.18789075913636777,2.0,-3.0
20.870273067730196,20.0,28.0,9.0,6.0,0.9850642980595685,1.0,-5.0
90.62908622312239,91.0,88.0,41.0,1.0,0.8395324354784193,1.0,-2.0
63.91962558928207,64.0,96.0,53.0,9.0,0.8363599176589214,1.0,-1.0
54.3986759898404,48.0,65.0,21.0,3.0,0.7261054019224142,3.0,-5.0
59.38279912420703,55.0,74.0,59.0,10.0,0.5964064613162042,2.0,-5.0
16.883191000253316,17.0,63.0,22.0,6.0,0.01046237053457566,4.0,-1.0
52.64527807187187,44.0,16.0,9.0,0.0,0.5664826956602217,1.0,-1.0
26.646537017992728,25.0,58.0,55.0,9.0,0.25473937593512364,2.0,-3.0
5.252805885804331,6.0,34.0,15.0,1.0,0.93618573936352,4.0,-2.0
597.7690061475464,28.0,69.0,8.0,1.0,0.5102046107062539,5.0,-5.0
2.642863029058517,2.0,11.0,8.0,1.0,0.7668915758693664,3.0,-5.0
9.885983786812776,13.0,52.0,45.0,5.0,0.618012197048403,3.0,-3.0
579.0252403982464,122.0,46.0,10.0,0.0,0.7456823989256832,1.0,-3.0
9.65435323067893,11.0,57.0,39.0,0.0,0.12004644345220716,3.0,-5.0
58.142276365122065,58.0,76.0,32.0,1.0,0.6795377594184127,3.0,-4.0
2.1254846705953936,3.0,99.0,17.0,9.0,0.047230515404373286,1.0,-4.0
0.8511101556006256,2.0,17.0,14.0,3.0,0.9321154478164899,4.0,-3.0
2.966823387242428,4.0,95.0,90.0,6.0,0.8356630285737765,3.0,-5.0
20.420188282057275,21.0,69.0,54.0,0.0,0.2259263622343083,2.0,-4.0
75.7255803109215,70.0,88.0,21.0,10.0,0.6474622792036386,3.0,-3.0
2.117699879700569,2.0,5.0,3.0,2.0,0.9907368145954963,1.0,-5.0
9.468930955273903,10.0,34.0,27.0,4.0,0.08157193082092018,4.0,-3.0
1.9050716800978735,4.0,34.0,32.0,3.0,0.34163821068552913,5.0,-1.0
0.4529935119632015,2.0,28.0,26.0,0.0,0.9025123786476615,5.0,-1.0
1.0750342046000212,6.0,77.0,10.0,9.0,0.4069797039274614,5.0,-5.0
19.48303875890851,20.0,90.0,67.0,7.0,0.7268379997017215,2.0,-1.0
119.05935202632979,116.0,97.0,37.0,9.0,0.7506583886927408,2.0,-4.0
4.685726402667309,6.0,81.0,6.0,3.0,0.1942511075979817,5.0,-2.0
0.6182473827157531,1.0,13.0,10.0,8.0,0.0956311227686335,4.0,-4.0
12.380399923807948,13.0,100.0,68.0,5.0,0.7169461438553834,4.0,-1.0
8.403128123053243,9.0,59.0,26.0,6.0,0.8927108990456472,5.0,-5.0
17.85483656355642,19.0,47.0,36.0,4.0,0.30194213223274,1.0,-3.0
93.82993888119024,88.0,75.0,63.0,8.0,0.7356388578176483,1.0,-5.0
8.037310965935596,10.0,27.0,20.0,7.0,0.4677345143689222,3.0,-1.0
206.71229374175493,28.0,42.0,26.0,8.0,0.5589889214934735,3.0,-4.0
167.86772884520838,149.0,81.0,32.0,9.0,0.8104978940282119,1.0,-5.0
30.929747024779548,19.0,46.0,6.0,5.0,0.7155422306340116,3.0,-3.0
152.8535100642102,35.0,66.0,25.0,5.0,0.4869155768869171,5.0,-5.0
1.267848797857696,2.0,19.0,10.0,7.0,0.1584468106391813,1.0,-3.0
6.201987317824011,8.0,46.0,13.0,0.0,0.15064961348117534,3.0,-3.0
98.62535177723183,46.0,74.0,13.0,6.0,0.7023127787389071,3.0,-5.0
718.1652311681866,505.0,78.0,35.0,5.0,0.6527422944386576,1.0,-2.0
2.1521531661273223,3.0,26.0,23.0,7.0,0.6787905663237092,3.0,-2.0
3.9567389303119587,2.0,14.0,10.0,9.0,0.5353238029883954,3.0,-4.0
4.31142487314486,3.0,13.0,10.0,9.0,0.9391651293142782,1.0,-4.0
0.8484137063082181,1.0,9.0,8.0,5.0,0.20914131906335098,2.0,-5.0
13.260588233382293,6.0,13.0,10.0,7.0,0.2579218974000017,2.0,-1.0
4.507606646638238,2.0,12.0,6.0,4.0,0.5695381951891367,3.0,-5.0
9.049999917551183,9.0,46.0,42.0,2.0,0.06445671744119508,4.0,-5.0
21.334785491198467,22.0,58.0,8.0,1.0,0.6205129245758709,5.0,-2.0
21.886585922726937,23.0,59.0,27.0,5.0,0.615520690538255,3.0,-1.0
89.23873212320925,78.0,76.0,51.0,4.0,0.49618898033918324,3.0,-4.0
5.740294158780906,7.0,83.0,20.0,7.0,0.12255128278533867,3.0,-3.0
49.4927518619368,50.0,40.0,33.0,4.0,0.13801853868153358,2.0,-1.0
5.199971327080053,7.0,38.0,28.0,8.0,0.4871812545043177,5.0,-1.0
20.657749807666782,22.0,65.0,30.0,8.0,0.7388558804890776,3.0,-2.0
6.602722837537401,8.0,40.0,14.0,4.0,0.2970946609132643,2.0,-3.0
3.0895091572216926,5.0,29.0,14.0,9.0,0.4763239889862403,1.0,-4.0
112.38594848876738,60.0,67.0,16.0,2.0,0.6817241731348396,3.0,-5.0
143.69043082132043,101.0,92.0,4.0,3.0,0.8708092331943531,1.0,-2.0
0.40097401920118675,1.0,6.0,5.0,4.0,0.0843454720615141,3.0,-3.0
6.709335979360492,8.0,35.0,21.0,7.0,0.6811074410112347,4.0,-2.0
66.3074819113204,68.0,96.0,35.0,5.0,0.7299891288345913,2.0,-2.0
88.94863309680292,54.0,95.0,8.0,3.0,0.6222615752640597,4.0,-4.0
19.445939957414303,20.0,81.0,64.0,2.0,0.13527896537977346,2.0,-4.0
23.552857482880007,25.0,97.0,68.0,8.0,0.5578182766260886,3.0,-1.0
9.062172817063255,10.0,91.0,67.0,6.0,0.7387079417864476,5.0,-4.0
11.500056136534173,13.0,91.0,21.0,10.0,0.17391382167468383,4.0,-2.0
2.345288472041686,3.0,15.0,11.0,6.0,0.21701652487473522,1.0,-3.0
28.515383590968693,25.0,45.0,2.0,1.0,0.8769894929067238,2.0,-2.0
13.224828047402477,12.0,30.0,9.0,8.0,0.931320391271233,2.0,-4.0
24.773039396178778,25.0,80.0,73.0,8.0,0.8206413117911537,1.0,-3.0
10.726179936513152,12.0,38.0,24.0,5.0,0.20477218493352245,3.0,-3.0
580.1180918792228,178.0,86.0,45.0,7.0,0.5117792108692862,3.0,-3.0
109.0790518833797,103.0,62.0,14.0,6.0,0.6422195650406121,1.0,-2.0
4.9547535000919005,6.0,30.0,15.0,4.0,0.12998495620431405,3.0,-3.0
6.7014388922615575,6.0,26.0,9.0,5.0,0.8170960795380571,4.0,-4.0
86.32127798121537,87.0,90.0,59.0,6.0,0.09650366271357369,3.0,-1.0
21.21486718040704,22.0,96.0,60.0,6.0,0.6161538642835007,4.0,-2.0
22.155203208121716,24.0,76.0,47.0,9.0,0.6155639424265235,4.0,-3.0
23.323321442566723,23.0,71.0,68.0,0.0,0.4257253239628622,3.0,-2.0
12.387986714110692,13.0,70.0,24.0,10.0,0.17397457192857457,3.0,-2.0
43.85871885236023,24.0,24.0,8.0,0.0,0.4729615475265483,3.0,-2.0
5.4391737668479285,5.0,26.0,24.0,4.0,0.14699677117422316,4.0,-5.0
4.151947274661247,6.0,23.0,12.0,0.0,0.6082265449729037,5.0,-1.0
5.927802737800854,7.0,58.0,20.0,3.0,0.03303956997450619,1.0,-3.0
30.39034290043224,32.0,96.0,26.0,5.0,0.5772477537617606,1.0,-3.0
5.90350817449286,5.0,20.0,18.0,10.0,0.41121839067804633,1.0,-3.0
22.176961410242132,23.0,87.0,41.0,7.0,0.11671935831234348,2.0,-2.0
1.2038372494756524,3.0,38.0,6.0,4.0,0.5564409764316665,1.0,-5.0
16.934436144373937,10.0,18.0,17.0,2.0,0.3714103051691431,1.0,-2.0
9.790717484416065,11.0,60.0,49.0,8.0,0.13539333616663074,1.0,-5.0
18.053331310300795,19.0,78.0,38.0,9.0,0.8431315119905539,3.0,-2.0
348.4019969493174,331.0,78.0,57.0,3.0,0.6150022096382574,1.0,-2.0
5.417950216636302,7.0,86.0,77.0,7.0,0.6290160923952526,5.0,-4.0
47.22677485935744,48.0,52.0,12.0,1.0,0.9617442918721479,1.0,-3.0
7.9525307054449295,9.0,38.0,28.0,4.0,0.7524871168014148,2.0,-1.0
62.2294091261867,63.0,70.0,32.0,3.0,0.8702145846772913,1.0,-2.0
0.950269409046534,2.0,54.0,50.0,7.0,0.8682220995997081,5.0,-1.0
11.528316932639862,13.0,37.0,7.0,0.0,0.720457585878155,4.0,-1.0
41.04240593466355,25.0,25.0,22.0,5.0,0.1464485657403788,3.0,-1.0
36.14141908834359,37.0,94.0,67.0,6.0,0.9494130594817075,1.0,-4.0
16.417561224126935,18.0,89.0,23.0,4.0,0.6404504426630069,1.0,-5.0
43.746776271042556,44.0,92.0,26.0,4.0,0.8771706490501312,2.0,-2.0
1.1361159672431138,3.0,33.0,32.0,4.0,0.47004795919438325,3.0,-1.0
4.092646048375237,5.0,48.0,37.0,10.0,0.9219369247901948,3.0,-1.0
14.08727373694583,7.0,29.0,3.0,2.0,0.6495152724011964,5.0,-4.0
10.33953329642423,11.0,41.0,26.0,1.0,0.7786774947042687,3.0,-4.0
21.110830903555335,21.0,58.0,4.0,0.0,0.7596547813671142,4.0,-2.0
4.022788231225637,5.0,43.0,15.0,1.0,0.0649783435239838,4.0,-4.0
7.754661644563561,2.0,18.0,9.0,8.0,0.2672921869297058,5.0,-2.0
19.55175537470582,21.0,92.0,53.0,9.0,0.9986764519677661,2.0,-2.0
61.38593543993615,21.0,29.0,1.0,0.0,0.4853768473148976,2.0,-1.0
6.104276598953452,8.0,37.0,5.0,1.0,0.5861804246925106,1.0,-3.0
6.939127943967517,5.0,15.0,8.0,5.0,0.8347953819875739,2.0,-4.0
5.951378986302587,7.0,65.0,17.0,10.0,0.11768600146259334,5.0,-2.0
40.62941288726159,38.0,60.0,15.0,9.0,0.35126199962929117,5.0,-1.0
33.49904089565036,33.0,79.0,23.0,0.0,0.43134131788535357,5.0,-5.0
51.81667467324104,53.0,66.0,43.0,9.0,0.4812908530895337,2.0,-1.0
29.90682059790374,23.0,47.0,10.0,3.0,0.7796469971577046,3.0,-5.0
1.59497223330995,2.0,24.0,21.0,0.0,0.7202276217333076,3.0,-1.0
0.8488031051836691,1.0,5.0,2.0,1.0,0.9068777156160007,4.0,-1.0
7.567274057519253,9.0,42.0,18.0,2.0,0.480938713236692,1.0,-5.0
6.317366955869458,7.0,30.0,20.0,8.0,0.8609793220211263,2.0,-1.0
18.059035894797262,19.0,42.0,18.0,4.0,0.8322436499352979,2.0,-2.0
152.36198346047306,39.0,58.0,16.0,1.0,0.5861843683386165,4.0,-5.0
6.307730320906933,7.0,29.0,17.0,6.0,0.4512216141029185,1.0,-4.0
30.001614109089644,31.0,93.0,18.0,1.0,0.9166442496909809,3.0,-3.0
52.131382451945704,53.0,89.0,52.0,6.0,0.18626900650997047,4.0,-2.0
5.227430661222408,6.0,58.0,35.0,10.0,0.02417064434408711,4.0,-5.0
38.60548301908103,38.0,68.0,17.0,6.0,0.7201759785209478,3.0,-3.0
1.6229458069334655,3.0,17.0,7.0,0.0,0.11447589417393966,1.0,-5.0
42.79849651824612,37.0,32.0,20.0,0.0,0.21339728018593707,5.0,-1.0
0.42379807456613633,2.0,93.0,9.0,8.0,0.09148367043710248,4.0,-3.0
17.073838302662192,18.0,60.0,35.0,2.0,0.492845692419401,4.0,-1.0
14.516790415292691,15.0,52.0,32.0,4.0,0.7925716688020108,2.0,-1.0
8.915332250370902,10.0,29.0,7.0,1.0,0.6935318030146267,4.0,-1.0
65.13540534867442,66.0,80.0,35.0,9.0,0.563622834407349,2.0,-1.0
10.510325569416105,11.0,25.0,16.0,0.0,0.2955374998742524,2.0,-3.0
1.7799186184055114,3.0,24.0,21.0,9.0,0.9475783863541154,2.0,-4.0
1.44730826462549,3.0,15.0,13.0,0.0,0.47637512323852116,4.0,-1.0
7.286681450987569,8.0,19.0,12.0,4.0,0.2255266319170658,2.0,-2.0
16.852632689272387,9.0,27.0,18.0,3.0,0.45665903906483596,4.0,-5.0
0.5156239989978233,2.0,58.0,3.0,2.0,0.3434337159300772,2.0,-4.0
40.80824602827875,42.0,87.0,51.0,3.0,0.6273915487166752,2.0,-1.0
90.73385755096756,36.0,52.0,43.0,1.0,0.31713846802390233,5.0,-3.0
15.95509255169488,17.0,61.0,26.0,8.0,0.3743667115476821,2.0,-3.0
4.448647332538576,5.0,23.0,21.0,10.0,0.13183456803020155,1.0,-3.0
621.0033409350345,319.0,99.0,20.0,6.0,0.22544269725861732,4.0,-1.0
2.5248036889989516,4.0,83.0,19.0,9.0,0.005613718259596223,3.0,-4.0
32.66704846891936,6.0,14.0,11.0,8.0,0.3027214462217249,2.0,-1.0
1.2089688995702508,2.0,15.0,6.0,4.0,0.41821221572460066,3.0,-5.0
76.49359471038363,70.0,91.0,19.0,8.0,0.6568758802019152,3.0,-3.0
3.224569270450604,4.0,62.0,52.0,6.0,0.6835315645430163,5.0,-1.0
86.26358493131058,70.0,84.0,36.0,2.0,0.6173815663523492,4.0,-5.0
1.0339798137733545,2.0,15.0,13.0,2.0,0.9780912461921604,2.0,-1.0
115.8157918237739,34.0,48.0,39.0,8.0,0.6760476522836864,2.0,-5.0
74.30301101989993,78.0,86.0,11.0,3.0,0.778466552323546,1.0,-4.0
21.08356053946226,22.0,62.0,36.0,0.0,0.09750283982918773,1.0,-2.0
2.8952417693050023,4.0,22.0,9.0,8.0,0.9150209801604139,5.0,-1.0
5.1284754539946675,6.0,53.0,41.0,3.0,0.723312776140681,4.0,-2.0
29.53694414201945,30.0,72.0,58.0,1.0,0.014042673298004238,3.0,-2.0
17.215003779844764,18.0,71.0,19.0,2.0,0.1446413321657778,5.0,-2.0
58.82277408966104,52.0,81.0,53.0,2.0,0.49733401246054953,5.0,-4.0
1.0714169536413447,2.0,37.0,5.0,2.0,0.2749962048150204,3.0,-5.0
2.2405817720193415,4.0,94.0,90.0,1.0,0.8481563276306453,3.0,-5.0
8.4052009090707,9.0,52.0,38.0,3.0,0.13931859217014075,1.0,-5.0
1.0633120488951926,1.0,3.0,1.0,0.0,0.554416484670039,5.0,-2.0
1.7963576506780736,3.0,18.0,15.0,9.0,0.9450076751018546,2.0,-4.0
8.641748825582809,10.0,91.0,35.0,9.0,0.11014996919463194,5.0,-4.0
17.00530925701327,19.0,88.0,76.0,6.0,0.5411323936381928,3.0,-2.0
4.64284590335174,6.0,49.0,36.0,8.0,0.9714295397575349,3.0,-4.0
5.524142121156691,7.0,60.0,23.0,10.0,0.2940770467184233,4.0,-5.0
0.41412600003375705,1.0,5.0,4.0,3.0,0.8829448041989568,3.0,-2.0
49.33109471241499,19.0,48.0,45.0,8.0,0.6071379950524728,2.0,-5.0
24.81338650917987,26.0,94.0,29.0,2.0,0.30395922257513197,1.0,-2.0
0.3107721394131808,1.0,7.0,6.0,5.0,0.9022239581580019,4.0,-4.0
12.516729914980933,14.0,36.0,21.0,9.0,0.7995990187110874,2.0,-2.0
11.077346476803916,12.0,58.0,34.0,4.0,0.21529503082679702,2.0,-4.0
5.888606417730905,7.0,97.0,13.0,0.0,0.19808673403369625,1.0,-3.0
11.99947716758516,13.0,76.0,20.0,7.0,0.9583587499053275,5.0,-3.0
1.6268202948498045,3.0,19.0,11.0,1.0,0.9882240506066993,5.0,-2.0
213.11171442580914,85.0,97.0,24.0,5.0,0.482504816362361,5.0,-4.0
13.935459714545685,15.0,55.0,34.0,8.0,0.929563865236747,2.0,-5.0
6.501479878324389,8.0,88.0,18.0,1.0,0.27704214061548804,1.0,-4.0
291.96878934960125,18.0,23.0,17.0,7.0,0.19314995275880253,4.0,-1.0
5.84313477524505,7.0,40.0,28.0,10.0,0.763423036673698,3.0,-1.0
9.285892541321877,12.0,74.0,70.0,8.0,0.3576902403888519,3.0,-1.0
9.577573650885922,10.0,71.0,36.0,5.0,0.15265441687034143,1.0,-4.0
18.812630030126368,17.0,45.0,8.0,2.0,0.7095376877946097,4.0,-3.0
0.2809871827915372,2.0,75.0,74.0,4.0,0.9509867990993004,4.0,-5.0
13.986447546814107,16.0,44.0,21.0,4.0,0.6074081704571108,4.0,-2.0
215.4842489317262,117.0,26.0,18.0,3.0,0.4651946718278407,1.0,-1.0
52.080526650304435,42.0,60.0,37.0,3.0,0.43020297479524805,5.0,-3.0
6.469472263190654,7.0,13.0,3.0,1.0,0.5636185910979995,1.0,-2.0
0.5477349344538327,1.0,3.0,2.0,1.0,0.6473000669763617,5.0,-4.0
195.4978193778035,54.0,35.0,6.0,0.0,0.5370848126238648,2.0,-2.0
5.97436988249156,6.0,42.0,13.0,9.0,0.3326183313606692,2.0,-2.0
4.05725460913411,5.0,45.0,38.0,1.0,0.6813261475038366,3.0,-1.0
47.8126867680124,46.0,65.0,55.0,0.0,0.12138252801018956,5.0,-2.0
17.915878946451592,9.0,30.0,17.0,9.0,0.4657016621878798,5.0,-3.0
14.197055969474778,15.0,46.0,42.0,8.0,0.15128432132155223,1.0,-3.0
48.40267550285217,50.0,85.0,67.0,8.0,0.13017651955856802,4.0,-2.0
1.8926477361294263,3.0,17.0,3.0,0.0,0.4024864970263675,2.0,-4.0
31.849607989575496,31.0,89.0,10.0,2.0,0.6850509118740842,5.0,-3.0
66.82193236698338,14.0,33.0,24.0,8.0,0.4478123310741158,4.0,-3.0
21.09228285528027,22.0,76.0,9.0,3.0,0.7395024620392797,5.0,-2.0
4.017300029913057,5.0,41.0,22.0,7.0,0.9613635262676374,5.0,-2.0
37.4257509728744,39.0,95.0,39.0,4.0,0.41296300493546567,2.0,-3.0
29.749146955044985,31.0,90.0,42.0,0.0,0.5176389624652584,1.0,-4.0
30.55060827866011,31.0,80.0,22.0,0.0,0.9830815340399924,2.0,-4.0
32.52842849752405,34.0,82.0,36.0,1.0,0.4810045272962996,1.0,-3.0
0.5593312512590497,2.0,41.0,40.0,7.0,0.9292831083244552,2.0,-1.0
71.60797445610457,72.0,91.0,37.0,10.0,0.8770529777594939,1.0,-1.0
25.380118628531854,12.0,24.0,16.0,5.0,0.42776498171004074,3.0,-3.0
2.795526002421815,4.0,17.0,6.0,3.0,0.990694109622227,4.0,-3.0
36.96024706109037,38.0,86.0,32.0,5.0,0.692205838942284,3.0,-2.0
3.290449457459268,4.0,40.0,30.0,8.0,0.8627283566874145,4.0,-3.0
6.776772417582168,7.0,28.0,14.0,8.0,0.8665543151839689,3.0,-4.0
10.835370601996928,12.0,73.0,20.0,7.0,0.9818979732640963,5.0,-1.0
3.2540136988810007,4.0,10.0,3.0,0.0,0.5930270669554596,5.0,-2.0
4.664177546741071,6.0,40.0,27.0,4.0,0.6838858472665406,5.0,-2.0
48.98704201199316,49.0,59.0,18.0,0.0,0.9184780129198478,1.0,-1.0
10.496339815072373,11.0,89.0,24.0,6.0,0.05702329922374205,3.0,-2.0
7.618744686633429,9.0,91.0,47.0,10.0,0.017944613551068467,3.0,-5.0
36.65694452782061,37.0,66.0,58.0,10.0,0.17264047359722912,2.0,-2.0
149.86611272529794,142.0,59.0,33.0,4.0,0.7933720464339686,1.0,-3.0
2.1683032240220195,3.0,25.0,15.0,4.0,0.9514876361163894,5.0,-3.0
77.21108244309784,40.0,45.0,24.0,6.0,0.7531402401526571,2.0,-5.0
0.81907515749183,1.0,10.0,9.0,8.0,0.7776111478985331,3.0,-5.0
252.17589699905224,79.0,76.0,72.0,2.0,0.7870693294951294,1.0,-5.0
3.7512583782963587,5.0,27.0,20.0,4.0,0.6517822760045854,5.0,-4.0
24.074151845910535,26.0,70.0,51.0,4.0,0.3578456439222595,4.0,-1.0
8.188557175710677,10.0,30.0,17.0,6.0,0.4427770003929229,2.0,-4.0
81.52846851296825,20.0,49.0,24.0,7.0,0.47914838790661707,5.0,-5.0
3.576145479251792,5.0,46.0,14.0,8.0,0.331745129545164,3.0,-4.0
38.11426795028536,26.0,57.0,29.0,6.0,0.4396551442887471,5.0,-5.0
19.9874326273088,7.0,15.0,7.0,0.0,0.37853999038493025,4.0,-3.0
10.255364558534362,10.0,15.0,10.0,2.0,0.8718874270988025,1.0,-3.0
15.212990945380152,16.0,20.0,16.0,6.0,0.1713335321139865,1.0,-1.0
47.93172563415024,13.0,51.0,6.0,5.0,0.4198336261619666,5.0,-2.0
38.10839912399417,27.0,48.0,42.0,6.0,0.3425543938364437,3.0,-3.0
30.148012384218163,31.0,90.0,34.0,0.0,0.9715004444492984,2.0,-3.0
1.016477823896583,1.0,7.0,6.0,4.0,0.4979736616592607,5.0,-3.0
124.46488534485484,97.0,60.0,56.0,6.0,0.5327600903621263,1.0,-2.0
3.990083717479262,5.0,49.0,45.0,7.0,0.6669428035216766,4.0,-5.0
19.256613505383857,20.0,60.0,47.0,1.0,0.07640128749053476,5.0,-3.0
15.736270724807905,15.0,55.0,15.0,10.0,0.6927372890590655,5.0,-3.0
1.6446991568968587,1.0,6.0,4.0,3.0,0.39866434480265345,3.0,-3.0
52.34185693863692,49.0,37.0,16.0,9.0,0.46706951331270363,2.0,-1.0
1.9248208841345085,3.0,45.0,42.0,5.0,0.8198233225704105,3.0,-5.0
10.761464547206808,12.0,71.0,48.0,8.0,0.8767507951185718,3.0,-4.0
22.447941645640586,23.0,97.0,31.0,3.0,0.12544493357116904,4.0,-2.0
7.510369779864671,8.0,60.0,38.0,4.0,0.7858566394156006,4.0,-1.0
30.824129601575926,27.0,93.0,8.0,6.0,0.6262633154538679,5.0,-1.0
7.922808849932528,9.0,56.0,32.0,6.0,0.8058457411907493,4.0,-1.0
0.5135026445731492,2.0,29.0,2.0,1.0,0.008765060067264963,4.0,-2.0
12.2259259018301,13.0,61.0,57.0,2.0,0.0716233163427723,2.0,-5.0
2.4114225342566895,3.0,15.0,6.0,1.0,0.7887061386758176,5.0,-1.0
12.492482421678504,13.0,71.0,29.0,5.0,0.13485557563851136,5.0,-3.0
152.78296889531921,153.0,81.0,6.0,0.0,0.7454462056284133,1.0,-1.0
4.616392037948555,6.0,24.0,8.0,2.0,0.3375354619289901,4.0,-4.0
25.603085470864738,26.0,55.0,29.0,9.0,0.7538756513310372,2.0,-2.0
24.04701063677354,23.0,56.0,48.0,5.0,0.3159765638737002,3.0,-4.0
2.6565503389659293,5.0,37.0,4.0,3.0,0.5411906580083536,1.0,-2.0
86.72949112305149,64.0,81.0,23.0,7.0,0.45859324961002856,5.0,-3.0
20.42926358063573,21.0,48.0,19.0,2.0,0.04196509050730324,3.0,-1.0
251.56753876691099,247.0,77.0,70.0,0.0,0.36087235192761047,1.0,-1.0
19.386438875426684,20.0,68.0,35.0,1.0,0.6755552065550988,3.0,-1.0
3.13604564221294,3.0,12.0,11.0,5.0,0.21735250793313576,2.0,-3.0
3.3431043924840966,4.0,79.0,73.0,6.0,0.7991231749293205,3.0,-3.0
130.1590943278848,45.0,86.0,81.0,4.0,0.30105203616618914,5.0,-3.0
17.856953813374894,19.0,60.0,49.0,7.0,0.5616006521322857,5.0,-5.0
0.30875498217261454,2.0,32.0,31.0,8.0,0.8912591619058051,4.0,-3.0
29.67329321447733,30.0,83.0,40.0,4.0,0.8163715060677378,2.0,-1.0
19.018524945151373,20.0,53.0,27.0,5.0,0.21080827688468118,2.0,-2.0
9.24986546988208,10.0,83.0,19.0,7.0,0.45044730580005976,2.0,-4.0
30.318226122331627,27.0,82.0,74.0,1.0,0.2592207416573423,5.0,-5.0
94.56396218173131,83.0,77.0,5.0,2.0,0.9522778833264869,1.0,-4.0
24.120576306939828,25.0,64.0,34.0,6.0,0.20979134532594057,2.0,-2.0
90.90358971812262,35.0,36.0,17.0,4.0,0.534835441333901,3.0,-3.0
0.7040837023770636,2.0,35.0,32.0,6.0,0.8944081485668479,5.0,-2.0
23.27595778704972,24.0,81.0,15.0,7.0,0.9765062706937462,3.0,-4.0
28.674573923441333,30.0,86.0,34.0,2.0,0.46890887922075475,5.0,-1.0
13.582510336266614,15.0,72.0,16.0,0.0,0.9025499100893546,5.0,-4.0
0.7186651881006867,2.0,29.0,27.0,4.0,0.7782937079901796,5.0,-5.0
44.63306424127854,47.0,79.0,50.0,10.0,0.27495708802795116,5.0,-1.0
123.57904560362287,124.0,85.0,70.0,9.0,0.25319440402681137,1.0,-1.0
10.969818849972139,13.0,87.0,68.0,9.0,0.7886708258336198,3.0,-3.0
21.85604281759721,23.0,87.0,37.0,0.0,0.3674560379337707,4.0,-5.0
3.316897429976521,1.0,5.0,4.0,0.0,0.4656756258700311,2.0,-4.0
22.72111335384933,24.0,76.0,14.0,2.0,0.7881232537217503,4.0,-2.0
17.91669583236332,19.0,83.0,42.0,3.0,0.9110460459870396,3.0,-5.0
1.5688475943548135,3.0,15.0,12.0,4.0,0.6140289543416219,5.0,-3.0
23.094844662248473,25.0,88.0,18.0,6.0,0.49608070393635895,2.0,-3.0
1.2453951879500087,2.0,44.0,41.0,9.0,0.6817747858714904,4.0,-1.0
16.586864718111276,17.0,48.0,31.0,9.0,0.16841231941835733,2.0,-2.0
8.561741901367855,9.0,23.0,18.0,4.0,0.9167986621788069,1.0,-4.0
163.05829278305467,162.0,91.0,84.0,5.0,0.5214647163309668,1.0,-1.0
24.600201483797587,23.0,25.0,12.0,8.0,0.8428169854430146,1.0,-2.0
133.78851823581584,37.0,84.0,7.0,5.0,0.653647884005241,3.0,-4.0
4.016748208835293,5.0,30.0,16.0,4.0,0.1687514636174008,2.0,-4.0
6.399354513976655,7.0,83.0,21.0,3.0,0.02674518721968211,4.0,-3.0
6.698902198137034,7.0,24.0,14.0,2.0,0.052165427816769694,2.0,-2.0
16.456975330518837,18.0,76.0,40.0,3.0,0.45861887075339514,1.0,-5.0
26.17849665987327,27.0,56.0,17.0,8.0,0.622443082835422,3.0,-1.0
151.26799672756334,150.0,75.0,42.0,4.0,0.24363117211029595,4.0,-1.0
58.01413714069519,59.0,86.0,43.0,7.0,0.5344569496808705,4.0,-3.0
26.430777173070336,18.0,25.0,19.0,3.0,0.4789290235755761,2.0,-3.0
4.6299291791581325,6.0,52.0,47.0,4.0,0.6159860251214105,3.0,-2.0
12.162455630449939,12.0,47.0,13.0,9.0,0.7244360126880706,5.0,-3.0
4.670239123123858,6.0,37.0,24.0,10.0,0.12528685280049445,4.0,-4.0
11.564253991134452,10.0,43.0,3.0,0.0,0.8287705278953705,5.0,-4.0
30.097735952707524,31.0,63.0,37.0,2.0,0.459280458379034,1.0,-3.0
23.129885503808147,24.0,85.0,34.0,4.0,0.34059534367292266,2.0,-3.0
1.065827586732295,2.0,55.0,53.0,3.0,0.812746017726277,3.0,-3.0
76.06675202170855,56.0,78.0,49.0,3.0,0.5979160105057372,4.0,-5.0
22.743390199004498,24.0,56.0,28.0,5.0,0.557781730812779,3.0,-1.0
39.94996224560727,5.0,25.0,22.0,6.0,0.5749373744659818,3.0,-5.0
5.7927251421632855,7.0,66.0,17.0,10.0,0.2638625846380218,1.0,-2.0
10.413191981551183,11.0,46.0,17.0,4.0,0.15031671320317908,3.0,-2.0
53.8078157635204,54.0,67.0,32.0,10.0,0.912615781291984,1.0,-3.0
11.468362419310804,12.0,98.0,84.0,5.0,0.8051874253735289,2.0,-2.0
6.966122371688906,6.0,33.0,31.0,8.0,0.16983066370647537,5.0,-5.0
2.8841720605698806,5.0,16.0,10.0,4.0,0.5133866192212347,5.0,-1.0
16.74086958126859,18.0,67.0,26.0,3.0,0.7784423136356329,4.0,-3.0
59.16230268071497,7.0,22.0,21.0,7.0,0.29389380465363024,4.0,-2.0
6.597138769914436,4.0,11.0,6.0,0.0,0.594738040504809,4.0,-4.0
11.699878920480256,11.0,41.0,40.0,5.0,0.12606450633077015,4.0,-4.0
13.007066614629363,14.0,87.0,28.0,0.0,0.16946480202526637,2.0,-3.0
7.286833194342004,8.0,41.0,21.0,0.0,0.23534329446728297,4.0,-5.0
6.306033914914679,7.0,29.0,20.0,10.0,0.1380724062632268,1.0,-2.0
0.2850472778388974,2.0,22.0,21.0,4.0,0.850818996617529,5.0,-5.0
12.019126072480415,13.0,13.0,8.0,0.0,0.16719710103061503,1.0,-1.0
34.07598441754793,36.0,86.0,65.0,10.0,0.7693782995020668,2.0,-4.0
109.76492012680015,110.0,86.0,70.0,1.0,0.06189731060358905,5.0,-1.0
12.96897072225573,14.0,85.0,66.0,5.0,0.7183372563028851,4.0,-5.0
6.431975136713814,7.0,42.0,13.0,4.0,0.3201481719471252,2.0,-3.0
5.410276289754105,7.0,44.0,28.0,6.0,0.993905015014814,3.0,-4.0
17.608843651120754,18.0,59.0,44.0,0.0,0.25012555695444816,5.0,-5.0
127.02627213104687,100.0,96.0,25.0,10.0,0.3655627845539057,5.0,-2.0
0.49909493847337816,1.0,9.0,8.0,7.0,0.6670696456756483,5.0,-4.0
30.783999741737066,24.0,18.0,13.0,0.0,0.14442567478995794,3.0,-1.0
145.25609225427226,115.0,28.0,12.0,3.0,0.5550751426383956,1.0,-1.0
5.768664199782244,7.0,25.0,17.0,9.0,0.2043990472813455,1.0,-2.0
5.299660695725049,6.0,40.0,25.0,10.0,0.3099471601994743,2.0,-5.0
1.3207722014293606,2.0,28.0,8.0,6.0,0.24762238865067365,3.0,-3.0
27.244215194787394,28.0,99.0,58.0,9.0,0.626226656804602,3.0,-1.0
3.1009801278360136,4.0,17.0,5.0,0.0,0.9837180304817881,4.0,-4.0
26.97962186731797,27.0,72.0,56.0,8.0,0.055219859677265615,2.0,-2.0
26.23213665781761,22.0,57.0,53.0,8.0,0.38075781761510163,2.0,-4.0
1.9457142405643806,3.0,29.0,17.0,9.0,0.14806655286993797,1.0,-5.0
24.047540417217423,25.0,61.0,41.0,6.0,0.7663371775491893,2.0,-3.0
3.9206318248005743,5.0,81.0,72.0,4.0,0.6591096742657182,4.0,-1.0
14.010244957858358,15.0,91.0,65.0,3.0,0.7139462064761505,3.0,-1.0
6.403642043946953,7.0,93.0,27.0,2.0,0.15656738041905682,2.0,-5.0
16.77144841162827,18.0,46.0,30.0,10.0,0.4220003255133,5.0,-2.0
147.77735530245357,4.0,12.0,10.0,7.0,0.33784462442595176,2.0,-1.0
40.47826749329103,43.0,98.0,73.0,6.0,0.5168021951678623,4.0,-3.0
314.31074478920016,44.0,51.0,19.0,9.0,0.3503016789013802,4.0,-2.0
11.525733588220993,12.0,58.0,15.0,3.0,0.9551303418977876,4.0,-2.0
26.514536848205815,21.0,32.0,23.0,8.0,0.4868545199497609,2.0,-3.0
36.13586666457917,37.0,99.0,74.0,4.0,0.41257328819726424,1.0,-4.0
31.433615451696365,17.0,47.0,39.0,8.0,0.6568130760852721,3.0,-5.0
5.604588874082964,6.0,18.0,10.0,2.0,0.5103711777276443,2.0,-5.0
11.995448950907578,13.0,35.0,24.0,7.0,0.09713264214378325,4.0,-2.0
59.212673935343105,61.0,60.0,47.0,3.0,0.5642289603065151,1.0,-3.0
426.7911898015441,89.0,86.0,74.0,0.0,0.7183023991546846,2.0,-5.0
51.89529958873162,52.0,73.0,42.0,4.0,0.46682234559323255,3.0,-4.0
23.01565217608882,22.0,54.0,20.0,9.0,0.6846569442170909,4.0,-4.0
16.844752057856248,13.0,41.0,39.0,9.0,0.5365049809285829,1.0,-5.0
14.476228024444836,15.0,89.0,57.0,9.0,0.8026301455386753,3.0,-1.0
12.892069366987304,14.0,55.0,42.0,5.0,0.02600370899731852,2.0,-3.0
3.430910669995498,3.0,16.0,13.0,6.0,0.5534862018762057,4.0,-3.0
3.902272227683742,5.0,87.0,78.0,5.0,0.7580497967367994,4.0,-3.0
6.342955745094125,7.0,97.0,78.0,9.0,0.799544893005052,5.0,-5.0
94.82860020061325,99.0,71.0,24.0,1.0,0.7514914277942674,1.0,-4.0
67.43781547550195,18.0,48.0,4.0,1.0,0.5217789893649375,4.0,-3.0
39.219750774237276,19.0,38.0,21.0,9.0,0.6333507249514518,3.0,-4.0
36.7637560683515,6.0,24.0,11.0,6.0,0.6079995607946589,3.0,-5.0
7.575712005177381,8.0,47.0,26.0,9.0,0.9544033349115757,3.0,-2.0
19.06614817525675,16.0,45.0,23.0,7.0,0.4623129267122057,4.0,-5.0
53.03975106067674,40.0,27.0,14.0,7.0,0.41503306319021105,2.0,-1.0
3.650780462001254,5.0,36.0,15.0,2.0,0.14391175708018966,5.0,-5.0
1.1872128224316638,2.0,26.0,11.0,9.0,0.05256367937137907,4.0,-2.0
124.89225028022351,118.0,79.0,54.0,10.0,0.32953926300266634,3.0,-2.0
77.70002093442316,79.0,88.0,79.0,4.0,0.5086873237032391,1.0,-3.0
14.417392050245969,15.0,88.0,51.0,5.0,0.30156818191429635,1.0,-5.0
43.81732029116459,45.0,83.0,51.0,0.0,0.11943952867070196,5.0,-2.0
3.2048656452803566,3.0,12.0,9.0,1.0,0.3576850734631666,2.0,-5.0
1.8747906794045226,2.0,47.0,8.0,4.0,0.23330355996925922,4.0,-4.0
1.2119919237486194,2.0,14.0,7.0,5.0,0.26109155415875507,5.0,-4.0
55.63548562809459,42.0,40.0,20.0,0.0,0.7265804662084843,2.0,-4.0
6.888270297395584,8.0,75.0,52.0,0.0,0.7923761881973507,5.0,-3.0
15.873946428527544,11.0,53.0,7.0,6.0,0.6496383524529227,5.0,-1.0
11.125152435398245,10.0,32.0,29.0,9.0,0.36704530393124357,2.0,-4.0
48.08054285611606,8.0,34.0,31.0,7.0,0.4376046978301039,4.0,-4.0
2.4684195165741736,3.0,63.0,54.0,8.0,0.77434295099689,5.0,-1.0
3.08753360327781,4.0,38.0,21.0,7.0,0.05173737721925009,4.0,-5.0
5.865762181561417,6.0,69.0,14.0,9.0,0.03689896362841283,3.0,-1.0
11.246149019535501,12.0,64.0,38.0,5.0,0.17761036922244466,2.0,-4.0
33.592561883582064,17.0,24.0,8.0,0.0,0.4127159858356412,4.0,-2.0
36.03465640433982,38.0,64.0,45.0,0.0,0.4585336983418531,2.0,-4.0
14.423027862429906,15.0,51.0,44.0,5.0,0.2591981604418878,1.0,-4.0
2.043213315896089,3.0,28.0,19.0,5.0,0.9149752031679349,5.0,-2.0
12.679744681320583,13.0,81.0,62.0,4.0,0.060825057627497015,2.0,-5.0
14.560258222516934,16.0,39.0,24.0,1.0,0.23672628089759995,3.0,-3.0
896.4098753707373,302.0,85.0,52.0,5.0,0.8394689194654309,1.0,-5.0
10.5843395744763,12.0,42.0,35.0,2.0,0.09802068877539138,5.0,-4.0
2.575238962341409,3.0,17.0,11.0,10.0,0.8883134787191941,3.0,-3.0
5.153260673587328,3.0,13.0,3.0,2.0,0.6940518951671568,5.0,-5.0
2.2371504788773438,3.0,21.0,17.0,1.0,0.9469971999835363,2.0,-2.0
1.1291967600545538,2.0,26.0,10.0,7.0,0.19189203383637765,3.0,-4.0
32.09006840178912,27.0,73.0,68.0,5.0,0.1295969705829314,5.0,-3.0
38.00734066857364,39.0,89.0,52.0,6.0,0.35794149661181063,2.0,-3.0
33.656322007657806,34.0,77.0,73.0,7.0,0.00975035251190659,2.0,-2.0
30.58608273571064,31.0,57.0,3.0,0.0,0.9413772144884097,2.0,-2.0
26.777370208100724,27.0,76.0,55.0,3.0,0.011612345828725945,3.0,-2.0
0.6097384377268976,2.0,12.0,1.0,0.0,0.11998416691152802,1.0,-2.0
2.0739129198280675,3.0,15.0,5.0,1.0,0.017819677750547713,2.0,-2.0
107.44985449670403,83.0,57.0,29.0,0.0,0.710097778681898,2.0,-4.0
77.15103742284643,78.0,66.0,25.0,5.0,0.9062850257613226,1.0,-4.0
2.1694587633648768,3.0,39.0,14.0,8.0,0.05858330873573825,1.0,-3.0
20.61586384920221,22.0,57.0,34.0,3.0,0.2493839353781624,3.0,-3.0
10.036237006954718,11.0,40.0,18.0,5.0,0.213086725246331,5.0,-3.0
21.21498077695649,22.0,22.0,3.0,0.0,0.9477967762440214,1.0,-1.0
0.9785835921764345,2.0,17.0,8.0,7.0,0.32603829725779687,1.0,-2.0
8.031484266497356,9.0,85.0,57.0,5.0,0.9143799383965175,4.0,-2.0
16.75262381220637,13.0,49.0,47.0,7.0,0.23033061696234947,3.0,-4.0
598.6479171233395,19.0,31.0,14.0,3.0,0.5688036085305467,3.0,-4.0
58.1518795644849,27.0,55.0,14.0,4.0,0.5227833664134907,5.0,-4.0
52.10511689028961,53.0,70.0,19.0,8.0,0.9893953132029576,1.0,-1.0
33.35078342508533,34.0,70.0,28.0,9.0,0.8941915330943664,2.0,-5.0
1.5297739997628845,3.0,13.0,10.0,7.0,0.9870246630035986,2.0,-1.0
14.995631815017006,15.0,32.0,11.0,5.0,0.9143439737180193,2.0,-5.0
262.27398922416234,198.0,84.0,72.0,4.0,0.43518228761346855,2.0,-2.0
2749.921147527911,313.0,54.0,21.0,2.0,0.6643635703255127,1.0,-2.0
34.82602110115444,35.0,46.0,29.0,6.0,0.6976281496563871,2.0,-3.0
7.929264530428274,9.0,96.0,41.0,6.0,0.09766190870774283,1.0,-5.0
1.9011795331517405,3.0,21.0,10.0,6.0,0.3160071655297704,2.0,-4.0
4.558441646638482,5.0,53.0,37.0,0.0,0.9019942884120864,4.0,-1.0
1.017947771614638,2.0,20.0,9.0,6.0,0.006611748208666612,5.0,-3.0
178.5465055968872,126.0,79.0,47.0,4.0,0.2513094838822848,5.0,-2.0
6.559482133888932,7.0,25.0,6.0,0.0,0.21705872879806842,3.0,-2.0
326.6428158683583,93.0,80.0,57.0,3.0,0.6043352259040029,3.0,-5.0
10.662838071511864,12.0,54.0,12.0,10.0,0.987782759492753,4.0,-1.0
3.843330619874413,5.0,52.0,37.0,10.0,0.9892072060401885,4.0,-5.0
7.7412191066872715,9.0,67.0,54.0,8.0,0.7798870096306906,3.0,-3.0
127.16532459290968,63.0,80.0,55.0,2.0,0.46628827480205326,5.0,-4.0
13.710114795164678,14.0,19.0,5.0,0.0,0.31765287619023386,1.0,-1.0
9.21348781604914,10.0,55.0,31.0,7.0,0.7006095910578235,5.0,-3.0
3.4053032263287952,4.0,36.0,24.0,10.0,0.9047830517540734,4.0,-1.0
8.169145208153385,8.0,31.0,27.0,8.0,0.08427190795561057,5.0,-3.0
48.565224205648086,20.0,39.0,29.0,9.0,0.5125975271190802,3.0,-4.0
26.90890999234131,27.0,66.0,24.0,8.0,0.570102663076811,5.0,-3.0
1.3473084157663278,3.0,16.0,8.0,7.0,0.564444861269716,1.0,-3.0
32.21235444449243,33.0,77.0,14.0,2.0,0.9911542703813229,2.0,-3.0
6.239541548601377,7.0,61.0,17.0,5.0,0.34613029641870996,2.0,-4.0
42.19651585954494,43.0,98.0,15.0,5.0,0.9944978406758878,2.0,-4.0
15.679062776049287,17.0,66.0,46.0,5.0,0.1978639686967043,3.0,-4.0
1.189690882549725,2.0,24.0,7.0,5.0,0.18841300598862476,4.0,-3.0
4.889624711605311,5.0,12.0,7.0,2.0,0.6629044389939676,1.0,-5.0
13.80199129323568,15.0,75.0,39.0,8.0,0.19488303180012856,5.0,-4.0
733.3020534340396,726.0,88.0,39.0,1.0,0.5334105160148768,1.0,-1.0
0.782302011047953,1.0,8.0,6.0,3.0,0.023594841591517146,3.0,-4.0
3.4782804790286166,5.0,65.0,52.0,6.0,0.8421848661421967,5.0,-3.0
131.59222200234404,132.0,84.0,33.0,1.0,0.8775121800118119,1.0,-4.0
0.27991289757815274,2.0,24.0,23.0,1.0,0.9287566529041391,4.0,-2.0
5.078234897816515,6.0,67.0,26.0,1.0,0.00962870212174427,3.0,-5.0
229.3446298160985,56.0,75.0,22.0,5.0,0.5812325853321452,4.0,-5.0
39.79975652037386,18.0,34.0,21.0,2.0,0.4158293955056772,5.0,-3.0
13.633247975173232,8.0,32.0,14.0,7.0,0.4985054836142143,4.0,-5.0
86.87119659399512,83.0,74.0,13.0,9.0,0.9255472538414895,1.0,-3.0
28.83457532508965,30.0,41.0,30.0,3.0,0.3545413830954227,1.0,-2.0
48.638506182654666,34.0,50.0,17.0,7.0,0.38263925492657846,5.0,-2.0
29.10001445255671,28.0,75.0,67.0,8.0,0.75355913611581,2.0,-5.0
47.505883957064796,48.0,67.0,29.0,7.0,0.9333003046832676,1.0,-2.0
16.78230931382184,18.0,95.0,34.0,10.0,0.28554696396061074,5.0,-4.0
46.06407468327177,43.0,43.0,8.0,1.0,0.21200943985019383,3.0,-1.0
1.2224074743722126,1.0,14.0,12.0,10.0,0.37376492773208936,4.0,-5.0
7.46961717222928,8.0,80.0,43.0,9.0,0.074704539379296,1.0,-5.0
3.526776563005938,5.0,20.0,18.0,2.0,0.05790992092355218,3.0,-5.0
461.26878470814376,154.0,86.0,45.0,8.0,0.2742552092258156,5.0,-2.0
1.587421438699484,3.0,13.0,11.0,5.0,0.12202853925699908,5.0,-5.0
148.25994451347586,100.0,97.0,96.0,3.0,0.07454467178551127,4.0,-1.0
22.035596899240566,24.0,46.0,28.0,2.0,0.6366818265396745,1.0,-5.0
2.973368676064837,3.0,14.0,8.0,5.0,0.7017913233666273,5.0,-5.0
3.8839992786760242,4.0,88.0,25.0,10.0,0.1138001342494277,5.0,-5.0
0.9287080366513593,1.0,13.0,11.0,9.0,0.7153529334376599,5.0,-5.0
2.715717248626703,1.0,10.0,6.0,3.0,0.5591134235358421,5.0,-3.0
552.8859291745385,72.0,34.0,32.0,5.0,0.4755826667172457,1.0,-1.0
6.834943533397439,8.0,79.0,18.0,3.0,0.11505645476271376,4.0,-3.0
1.5166952104745117,3.0,15.0,8.0,2.0,0.9519122193814065,5.0,-3.0
20.330471078732845,22.0,39.0,20.0,9.0,0.3869115568096736,4.0,-1.0
74.27710099341174,51.0,77.0,52.0,6.0,0.5929530541200749,4.0,-5.0
209.44135997782115,122.0,58.0,56.0,9.0,0.38779675608252095,1.0,-1.0
7.531882318471885,9.0,94.0,23.0,2.0,0.1731217640263205,3.0,-4.0
36.044409570364095,36.0,34.0,27.0,1.0,0.055733522563358395,4.0,-1.0
29.22314511785856,28.0,69.0,16.0,10.0,0.6324472150653094,2.0,-4.0
0.8144390921854372,3.0,47.0,46.0,1.0,0.7468341287352633,3.0,-4.0
25.12458474339679,26.0,70.0,28.0,5.0,0.9343338839543478,2.0,-3.0
26.341662086420857,27.0,69.0,59.0,2.0,0.405161061629313,2.0,-5.0
8.531203157663493,10.0,17.0,9.0,2.0,0.2948706685729324,2.0,-2.0
10.899248085253305,12.0,36.0,30.0,5.0,0.2132829736917239,4.0,-4.0
6.525249564704994,4.0,30.0,25.0,2.0,0.576625421762333,5.0,-5.0
47.10342226166952,44.0,84.0,59.0,2.0,0.37898968426677604,5.0,-5.0
0.7869379901929281,3.0,25.0,11.0,10.0,0.3898931205576336,3.0,-4.0
25.10608133342795,26.0,85.0,62.0,8.0,0.35614083753833026,3.0,-5.0
13.715653553397507,14.0,35.0,17.0,8.0,0.8280922766443969,2.0,-2.0
51.86628624131469,1.0,7.0,2.0,0.0,0.4551557483726023,5.0,-4.0
25.21225950614643,23.0,95.0,94.0,10.0,0.1336575011888811,1.0,-4.0
47.712407483615145,10.0,29.0,4.0,3.0,0.3047945443062592,4.0,-1.0
18.46592377832816,19.0,46.0,27.0,5.0,0.6763074195128839,2.0,-1.0
1.151566484760332,2.0,73.0,9.0,7.0,0.25264706354904953,2.0,-3.0
11.698133630001312,13.0,99.0,75.0,6.0,0.7051609321545877,5.0,-5.0
34.529606263543975,35.0,53.0,48.0,0.0,0.1524721449642047,2.0,-2.0
14.374608253416115,15.0,44.0,38.0,10.0,0.41042416591289266,1.0,-4.0
26.001966219703927,15.0,27.0,14.0,7.0,0.5833270318236471,3.0,-3.0
7.822896751966708,9.0,15.0,6.0,1.0,0.7168229913357591,2.0,-1.0
2.300402010661805,3.0,28.0,25.0,0.0,0.5760299706416235,3.0,-1.0
4.727954882749542,7.0,95.0,12.0,9.0,0.37394179761303403,5.0,-4.0
8.517057991822762,9.0,17.0,12.0,5.0,0.39270665188532206,1.0,-2.0
5.714672228248368,7.0,50.0,26.0,9.0,0.2050402430443241,1.0,-4.0
41.32126146987498,43.0,71.0,25.0,3.0,0.5283070891575758,3.0,-1.0
16.911299118310662,18.0,90.0,59.0,2.0,0.9443646480207394,2.0,-1.0
19.59034774968513,21.0,59.0,27.0,8.0,0.5190653537933119,5.0,-2.0
19.17723229275227,20.0,93.0,45.0,2.0,0.39396539646911577,2.0,-5.0
14.208836045660346,11.0,19.0,15.0,0.0,0.15738647942030304,4.0,-2.0
323.9825580090729,290.0,93.0,25.0,1.0,0.24197756843323381,4.0,-1.0
5.945425889125132,6.0,18.0,13.0,6.0,0.9204913233504075,1.0,-1.0
1.0206605417706276,3.0,34.0,32.0,10.0,0.5656450501765158,5.0,-2.0
20.705656586025412,22.0,89.0,59.0,9.0,0.8897758868486932,2.0,-3.0
10.098425159040843,11.0,35.0,29.0,0.0,0.8647173496693975,1.0,-2.0
3.799020409837052,4.0,18.0,16.0,10.0,0.08412909894014742,3.0,-2.0
140.2079584681152,52.0,78.0,10.0,9.0,0.4949979557578964,2.0,-1.0
16.839927284389837,18.0,60.0,22.0,10.0,0.7094236350535886,4.0,-2.0
4.119375547238336,6.0,60.0,13.0,7.0,0.5062097942066399,2.0,-5.0
19.568109330298288,20.0,71.0,25.0,0.0,0.870152728846173,3.0,-2.0
21.538986732214916,23.0,79.0,39.0,10.0,0.47618292894727,5.0,-1.0
2.7777279360541156,4.0,16.0,10.0,5.0,0.43999354039670857,1.0,-4.0
0.41212132353267766,2.0,69.0,5.0,4.0,0.09558834462140753,3.0,-3.0
4.663992872149419,6.0,37.0,19.0,0.0,0.11577966774304438,3.0,-5.0
46.62965521764446,17.0,33.0,17.0,8.0,0.33473275421991133,5.0,-2.0
35.57583262693994,36.0,66.0,26.0,10.0,0.3875641213532418,2.0,-2.0
8.853886515726664,2.0,8.0,7.0,5.0,0.15482209995695084,4.0,-1.0
31.07699354128495,32.0,73.0,44.0,7.0,0.26980288005394837,1.0,-2.0
4.479861360668453,6.0,35.0,20.0,10.0,0.35355761284059595,1.0,-4.0
0.589371928502705,2.0,7.0,6.0,1.0,0.674180365419037,3.0,-1.0
7.256295500113886,11.0,90.0,13.0,10.0,0.51236655713151,3.0,-4.0
7.4516659145726,8.0,34.0,8.0,5.0,0.9432391852308112,4.0,-5.0
35.212166411748434,36.0,43.0,40.0,8.0,0.04561159876088605,1.0,-1.0
23.778851862100787,10.0,28.0,15.0,6.0,0.5776890530070946,3.0,-5.0
3.7478185826833266,2.0,13.0,12.0,10.0,0.3167054699912949,3.0,-1.0
1.3608824579210412,2.0,41.0,13.0,9.0,0.2289700801843746,4.0,-5.0
8.245846403324363,9.0,76.0,19.0,7.0,0.13618046550193663,2.0,-2.0
0.5307592543948724,2.0,52.0,2.0,1.0,0.023181323087765326,3.0,-2.0
46.27609070756269,47.0,57.0,35.0,0.0,0.20727831779201367,4.0,-2.0
1.4922442152311024,2.0,16.0,8.0,5.0,0.24740130178099018,1.0,-3.0
6.505549034283576,7.0,78.0,18.0,1.0,0.04835577845905581,5.0,-3.0
54.307496219803305,58.0,95.0,89.0,7.0,0.3701606617725829,2.0,-1.0
4.233105371732457,5.0,52.0,23.0,6.0,0.1405765302930886,2.0,-5.0
10.828990956224782,12.0,87.0,71.0,10.0,0.6193788291235665,3.0,-1.0
7.514581507330583,8.0,18.0,9.0,2.0,0.2136955466336642,3.0,-2.0
8.072203110086388,8.0,25.0,10.0,3.0,0.16183236818046165,5.0,-2.0
9.84423925444019,11.0,93.0,76.0,1.0,0.7878163827697884,3.0,-3.0
3.802720192051637,4.0,18.0,12.0,1.0,0.9396882718902518,2.0,-5.0
24.73795326617704,26.0,72.0,29.0,7.0,0.5276695613893057,1.0,-3.0
14.025239668147973,16.0,56.0,26.0,7.0,0.6075499070537578,1.0,-5.0
26.855866331577275,27.0,62.0,47.0,9.0,0.22643416137076167,4.0,-3.0
3.8533637398584815,3.0,10.0,6.0,4.0,0.7468288256261073,1.0,-5.0
4.487120987324524,4.0,17.0,15.0,8.0,0.2879959323684831,2.0,-3.0
31.807471244977677,33.0,67.0,55.0,7.0,0.16364019603749458,1.0,-2.0
8.057749186318471,9.0,71.0,38.0,7.0,0.16468168390824212,2.0,-5.0
65.92346760746915,54.0,68.0,41.0,3.0,0.6761957292673969,3.0,-5.0
2.9395969273161855,4.0,22.0,16.0,9.0,0.290969016309211,4.0,-5.0
0.8382918894293169,1.0,8.0,7.0,6.0,0.40101401218191624,3.0,-4.0
4.056751528840569,5.0,18.0,15.0,0.0,0.05041004305370722,2.0,-4.0
17.647025780294815,19.0,95.0,68.0,5.0,0.8825007162134509,2.0,-2.0
15.980748083914538,17.0,92.0,68.0,8.0,0.04909647927692251,1.0,-4.0
2.301391025095714,3.0,10.0,7.0,3.0,0.210320124048046,3.0,-3.0
28.05359361154152,26.0,66.0,18.0,8.0,0.7138763426562058,4.0,-4.0
11.0720962517722,12.0,77.0,49.0,1.0,0.5881466249825745,5.0,-1.0
11.161593735749173,12.0,77.0,43.0,8.0,0.12346387047501206,3.0,-4.0
1.839752494784007,2.0,8.0,7.0,3.0,0.16515889921708038,2.0,-3.0
24.7202931646919,25.0,43.0,24.0,2.0,0.027510729207059992,3.0,-1.0
27.941187897681566,7.0,17.0,5.0,1.0,0.6938345948300527,2.0,-5.0
3.633866668014554,4.0,11.0,3.0,0.0,0.7002519506478839,4.0,-2.0
4.314818160904766,6.0,62.0,17.0,4.0,0.12339084999603855,4.0,-4.0
162.98276860673118,165.0,88.0,46.0,2.0,0.5766776034543675,1.0,-2.0
71.96286999026786,72.0,73.0,5.0,0.0,0.6483105802070623,2.0,-1.0
3.5167259704317573,5.0,33.0,22.0,6.0,0.7919899263780757,5.0,-4.0
8.743301246166384,10.0,44.0,13.0,8.0,0.9091143065347854,4.0,-1.0
5.79436479508088,7.0,25.0,18.0,1.0,0.6011528995980627,4.0,-3.0
35.708328352095194,36.0,43.0,30.0,6.0,0.8728121455130353,1.0,-4.0
16.60118094144012,18.0,76.0,56.0,10.0,0.3715187977463488,1.0,-5.0
52.28539310771358,9.0,20.0,18.0,4.0,0.7464477584737348,1.0,-4.0
57.81531954782516,10.0,15.0,9.0,3.0,0.8160368795937186,1.0,-5.0
50.59947805167935,48.0,54.0,53.0,6.0,0.014227332732575038,4.0,-1.0
42.347136656969305,42.0,66.0,9.0,0.0,0.2979118121062745,4.0,-2.0
7.890280207490321,9.0,60.0,29.0,4.0,0.9911105687123031,4.0,-4.0
19.50017248735191,20.0,89.0,29.0,1.0,0.18803842174282992,1.0,-2.0
0.8410023232625152,2.0,31.0,29.0,3.0,0.7296857857739252,4.0,-2.0
27.22708047294582,29.0,76.0,59.0,1.0,0.7707297275647558,2.0,-4.0
8.98727798477366,11.0,75.0,14.0,6.0,0.41098528371378207,5.0,-5.0
12.513530928554031,14.0,30.0,16.0,10.0,0.506839675274789,1.0,-2.0
16.597139468337527,18.0,35.0,30.0,7.0,0.15355475797686025,2.0,-2.0
4.876750380820505,6.0,39.0,20.0,7.0,0.08357261573572838,1.0,-3.0
0.3152356627391504,2.0,13.0,3.0,2.0,0.11825286911168742,3.0,-4.0
4.1192864743823465,5.0,17.0,11.0,7.0,0.8188543118906413,2.0,-1.0
7.9176225999272125,8.0,24.0,19.0,5.0,0.05794811437057179,2.0,-2.0
8.805132979102135,8.0,26.0,25.0,4.0,0.08786107165573864,4.0,-3.0
2.26777389391288,3.0,21.0,16.0,8.0,0.059038931224941416,4.0,-4.0
93.49576896125639,94.0,87.0,54.0,10.0,0.838239287099919,1.0,-3.0
2.402512511090831,3.0,55.0,47.0,7.0,0.9255385982183801,4.0,-5.0
1.9662860480883635,2.0,47.0,46.0,1.0,0.8361910009604497,1.0,-2.0
8.01052731223029,9.0,26.0,14.0,1.0,0.4754271100192893,1.0,-4.0
2.036948322858207,1.0,12.0,10.0,6.0,0.7477326178060348,3.0,-5.0
0.50498010913919,2.0,30.0,29.0,9.0,0.6644751131781411,5.0,-4.0
24.6565472607601,13.0,33.0,3.0,2.0,0.5541788422637726,3.0,-1.0
7.638825055267289,8.0,36.0,32.0,8.0,0.26545079480980804,2.0,-5.0
19.653807298622503,21.0,100.0,19.0,9.0,0.8901673589833987,5.0,-3.0
19.26591695657539,17.0,46.0,10.0,6.0,0.6955121173768947,4.0,-3.0
9.156858563959156,10.0,44.0,30.0,9.0,0.14132741369065727,2.0,-3.0
48.02051729382884,48.0,56.0,19.0,5.0,0.5541007972638183,3.0,-2.0
90.36862181866746,32.0,66.0,17.0,8.0,0.6158026228990102,4.0,-5.0
13.995074115841803,15.0,56.0,34.0,8.0,0.22844069585070426,2.0,-3.0
14.376315608837528,16.0,33.0,13.0,6.0,0.7026176081485453,1.0,-4.0
17.05273478336082,18.0,63.0,44.0,10.0,0.25154622657394154,1.0,-3.0
2.7860336101094636,4.0,24.0,10.0,2.0,0.01606678527804628,5.0,-3.0
2.148611336680087,1.0,12.0,8.0,7.0,0.5516667926537262,5.0,-2.0
28.607110235647134,29.0,55.0,40.0,6.0,0.2704947625499433,1.0,-2.0
7.457373134502704,8.0,24.0,23.0,2.0,0.045998751127249715,1.0,-3.0
32.40462982583391,33.0,67.0,22.0,8.0,0.11359259417406586,4.0,-1.0
5.880148650457991,7.0,30.0,19.0,8.0,0.6088376258384054,5.0,-3.0
9.910201676835666,11.0,41.0,24.0,1.0,0.5894255050799848,5.0,-3.0
7.3177347073241945,8.0,72.0,58.0,10.0,0.9710534548343056,2.0,-1.0
79.72799458036017,66.0,97.0,87.0,10.0,0.433459467127161,3.0,-4.0
141.89853263792295,144.0,79.0,39.0,1.0,0.4272971896570311,2.0,-1.0
16.233838522790844,18.0,39.0,22.0,5.0,0.40943906736701285,4.0,-1.0
29.210311088705105,30.0,84.0,78.0,1.0,0.09098613528825128,1.0,-3.0
753.3439110169339,68.0,18.0,5.0,0.0,0.5086281974340586,1.0,-1.0
45.74408414335476,44.0,40.0,9.0,1.0,0.9462805430856402,1.0,-5.0
5.783792688555895,6.0,30.0,29.0,8.0,0.1521293853973158,4.0,-5.0
93.92088861357503,38.0,74.0,61.0,10.0,0.4456989805432605,5.0,-5.0
19.773098211331043,20.0,93.0,65.0,4.0,0.8540163471189672,2.0,-2.0
9.146206749932912,10.0,84.0,72.0,3.0,0.7706731081016372,2.0,-1.0
22.374976712852956,24.0,74.0,62.0,5.0,0.24208521918999182,2.0,-4.0
3.590612614048387,5.0,57.0,8.0,1.0,0.3813089940205372,3.0,-5.0
2.5286403991233484,4.0,56.0,50.0,10.0,0.7675452334034716,4.0,-3.0
9.742534625260847,9.0,52.0,50.0,4.0,0.6007550554190387,3.0,-4.0
12.227252451894671,13.0,43.0,33.0,10.0,0.15985085552027278,4.0,-3.0
0.416413104885092,1.0,5.0,4.0,3.0,0.08550551354321667,4.0,-3.0
11.007180386901096,12.0,25.0,14.0,10.0,0.9998369158438241,1.0,-3.0
1.4255890551436037,3.0,15.0,11.0,5.0,0.13186891314018934,1.0,-5.0
90.23637448867358,74.0,39.0,13.0,10.0,0.644066071732877,1.0,-1.0
0.2818868204828494,1.0,9.0,8.0,3.0,0.8547523074285915,5.0,-5.0
0.8090309562527158,1.0,10.0,9.0,7.0,0.30558134159324735,1.0,-4.0
9.87796526542712,11.0,37.0,21.0,3.0,0.4366277968196548,5.0,-1.0
34.54591630388588,34.0,26.0,6.0,0.0,0.5263132099712203,2.0,-1.0
114.72795171906623,116.0,99.0,32.0,3.0,0.4306650341032593,4.0,-2.0
135.30922146271712,118.0,91.0,49.0,10.0,0.3300571615001259,5.0,-2.0
1.2264314010823216,2.0,35.0,14.0,10.0,0.12308415069525924,2.0,-4.0
33.604336844459496,8.0,23.0,17.0,5.0,0.3303629042899172,5.0,-3.0
7.427174706551418,8.0,17.0,15.0,9.0,0.09607790061088273,1.0,-1.0
19.92131895800132,16.0,39.0,9.0,1.0,0.7228804872210121,4.0,-5.0
8.964723744618214,9.0,77.0,69.0,10.0,0.9784773346708566,1.0,-4.0
12.348660049390976,13.0,91.0,54.0,4.0,0.7992553014174976,4.0,-1.0
27.771023348727546,29.0,76.0,21.0,2.0,0.4967469288002794,5.0,-1.0
230.0522150831658,193.0,65.0,50.0,2.0,0.6978379288994809,1.0,-3.0
1.214574792897179,2.0,27.0,5.0,1.0,0.2438094827927837,2.0,-5.0
28.66000766251171,26.0,30.0,8.0,0.0,0.2946033619335976,5.0,-1.0
9.72314068843309,11.0,65.0,45.0,7.0,0.6321185669435049,5.0,-3.0
12.06478139047446,11.0,29.0,12.0,4.0,0.6298657040308137,4.0,-3.0
22.761404604952386,24.0,70.0,42.0,7.0,0.35175847255813053,3.0,-4.0
14.808275849775605,14.0,51.0,9.0,4.0,0.7595835405828637,5.0,-4.0
10.158739243632628,11.0,95.0,49.0,2.0,0.9325887072176688,5.0,-2.0
62.03799385848657,58.0,64.0,13.0,0.0,0.831725267575164,2.0,-5.0
8.920388018826445,10.0,83.0,49.0,10.0,0.9730704847662797,4.0,-3.0
141.25709935387152,123.0,98.0,73.0,0.0,0.4976016878505206,3.0,-4.0
16.420410813704517,17.0,73.0,15.0,2.0,0.816523667236701,5.0,-3.0
0.7057456758570726,2.0,3.0,1.0,0.0,0.5971764961493674,1.0,-5.0
30.134886236468567,10.0,16.0,15.0,1.0,0.5118073906087677,1.0,-2.0
8.489814551681631,10.0,16.0,10.0,0.0,0.4266823045272391,3.0,-1.0
440.2427676054832,49.0,37.0,13.0,2.0,0.41090307519668656,3.0,-2.0
2.704802411032451,4.0,58.0,15.0,10.0,0.4502051620900128,2.0,-5.0
8.176602183438188,9.0,42.0,22.0,6.0,0.26079924028809287,1.0,-3.0
9.837247818915081,10.0,46.0,39.0,0.0,0.10354765155950718,5.0,-5.0
15.49002935738734,17.0,40.0,29.0,2.0,0.06423581619741336,2.0,-2.0
79.63128748230918,81.0,75.0,54.0,0.0,0.5804686458447736,1.0,-3.0
3.689350087846233,1.0,5.0,4.0,3.0,0.5677626123971187,2.0,-2.0
10.260179689908279,11.0,76.0,23.0,4.0,0.029636116047986105,3.0,-2.0
1.9660397268472831,2.0,17.0,11.0,10.0,0.4990403643344262,4.0,-5.0
0.21116107395588748,1.0,5.0,4.0,3.0,0.9669651650668961,5.0,-3.0
9.889890922580364,11.0,50.0,45.0,3.0,0.125539884973072,1.0,-5.0
13.20372318268642,14.0,83.0,21.0,1.0,0.9619556558230714,5.0,-3.0
228.13806045164543,127.0,38.0,18.0,5.0,0.6958887379574835,1.0,-2.0
64.3592893018547,65.0,67.0,15.0,3.0,0.9359880578964145,1.0,-2.0
189.46385921219425,106.0,88.0,9.0,7.0,0.854241516467162,1.0,-3.0
3.7166692299514303,4.0,13.0,11.0,1.0,0.18705984228285266,3.0,-4.0
31.331302013451914,32.0,98.0,77.0,0.0,0.13559846661542752,1.0,-3.0
101.9905452645698,67.0,86.0,55.0,10.0,0.5065314034929336,4.0,-5.0
8.513778020923258,9.0,42.0,10.0,0.0,0.8448266727379661,5.0,-3.0
15.269696153578668,13.0,24.0,9.0,0.0,0.630085329891493,2.0,-5.0
1.7314002671328825,1.0,4.0,2.0,0.0,0.21121640126117314,2.0,-2.0
33.606809851815115,35.0,53.0,31.0,3.0,0.7309258456664358,2.0,-3.0
1.4724692668683221,3.0,25.0,18.0,5.0,0.958986542481771,5.0,-1.0
0.6720438332595993,1.0,5.0,3.0,2.0,0.9965709082438534,3.0,-4.0
11.632126804273655,12.0,52.0,23.0,7.0,0.9275850346933162,3.0,-4.0
12.38640713375394,11.0,38.0,37.0,7.0,0.07224876959833226,5.0,-3.0
34.90257979373305,26.0,84.0,6.0,2.0,0.8038657583510181,4.0,-5.0
34.75564640303783,36.0,63.0,19.0,6.0,0.4531962691170328,4.0,-1.0
42.50677620938498,44.0,69.0,53.0,6.0,0.2235734852692559,2.0,-2.0
2.9072142173868114,2.0,13.0,3.0,1.0,0.36800624429627316,5.0,-4.0
12.98589787119519,15.0,74.0,67.0,3.0,0.6347615711564913,2.0,-2.0
12.28019035877421,13.0,90.0,50.0,10.0,0.08252461139650769,5.0,-4.0
49.75119210579076,21.0,27.0,24.0,7.0,0.664574911271215,1.0,-3.0
1.162695735141754,2.0,19.0,17.0,7.0,0.8400175600063764,3.0,-5.0
6.454447716485222,1.0,6.0,5.0,2.0,0.6338010573570169,1.0,-3.0
347.30595136310177,313.0,98.0,20.0,10.0,0.741528614462135,1.0,-2.0
0.8146340504932249,2.0,27.0,25.0,3.0,0.6910180218440632,4.0,-1.0
41.44321906150945,42.0,67.0,54.0,9.0,0.18283540217659433,3.0,-2.0
12.352054343692204,13.0,43.0,15.0,9.0,0.711138234187723,4.0,-2.0
3.806789802439441,5.0,72.0,8.0,2.0,0.4039781411906378,2.0,-4.0
19.061612540939468,20.0,70.0,25.0,0.0,0.8721531287382063,3.0,-2.0
17.110587999371404,18.0,55.0,41.0,4.0,0.26251374711578523,3.0,-4.0
22.042101178488522,21.0,60.0,17.0,7.0,0.7723124672079047,4.0,-5.0
10.837224177108238,12.0,42.0,21.0,5.0,0.17453572555362062,1.0,-2.0
16.00088994017542,16.0,52.0,7.0,0.0,0.09375405549137372,5.0,-1.0
17.435943794672347,2.0,15.0,14.0,9.0,0.7426472113138174,1.0,-4.0
3.9308710898292056,5.0,30.0,21.0,3.0,0.8223922124593919,3.0,-1.0
27.82952605119132,14.0,29.0,21.0,8.0,0.21898146195987767,5.0,-2.0
21.313332603697543,22.0,61.0,16.0,3.0,0.6222708934049401,4.0,-1.0
12.280234365914074,14.0,98.0,38.0,7.0,0.07926970180572057,3.0,-3.0
3.046367573860833,2.0,9.0,6.0,3.0,0.596955877927622,3.0,-2.0
17.221901277084097,14.0,33.0,30.0,10.0,0.5677376071524401,1.0,-4.0
18.885163537080608,20.0,41.0,14.0,3.0,0.4049489558914514,5.0,-1.0
84.78459810149064,8.0,15.0,14.0,1.0,0.46166756612905546,2.0,-2.0
56.91174214311288,53.0,69.0,50.0,5.0,0.3156145731582548,4.0,-3.0
22.42013523920238,23.0,28.0,8.0,1.0,0.9730138197943305,1.0,-3.0
14.715604127774641,16.0,30.0,21.0,4.0,0.2815879014686248,1.0,-2.0
27.003457521281746,27.0,37.0,17.0,4.0,0.7481291792670458,2.0,-3.0
328.8433834161256,272.0,70.0,42.0,0.0,0.2712867290418979,3.0,-1.0
4.1031023839244,6.0,66.0,58.0,4.0,0.6610826868562055,5.0,-4.0
0.8788485983257286,2.0,11.0,9.0,4.0,0.6594631037430889,5.0,-3.0
208.23509303022897,189.0,73.0,36.0,6.0,0.5444209468509575,2.0,-2.0
38.637819954919586,40.0,87.0,49.0,6.0,0.6611641136787414,2.0,-1.0
18.75935548995077,15.0,23.0,19.0,3.0,0.6294184466137862,1.0,-4.0
10.317961885387671,8.0,36.0,11.0,9.0,0.7747084477909354,4.0,-3.0
382.61696257484425,365.0,59.0,30.0,6.0,0.5378969084444698,1.0,-1.0
7.524666258286637,8.0,44.0,10.0,0.0,0.11183956743624412,4.0,-2.0
59.629707916580074,60.0,58.0,29.0,6.0,0.12285724413684462,4.0,-1.0
12.605346331002911,13.0,60.0,16.0,10.0,0.8490582396120429,5.0,-5.0
280.77659698707134,69.0,51.0,9.0,5.0,0.8299170233208104,1.0,-4.0
2.263011623855649,3.0,73.0,64.0,3.0,0.8295002041472858,5.0,-1.0
0.9152839288689851,2.0,16.0,13.0,9.0,0.7539530639270897,5.0,-2.0
12.180233287751657,13.0,94.0,44.0,10.0,0.9105011687278567,5.0,-5.0
48.253247881443116,50.0,97.0,66.0,1.0,0.41061095035595396,3.0,-1.0
2.6691917056321386,4.0,58.0,48.0,5.0,0.9718280581137669,4.0,-5.0
19.04419237125347,21.0,90.0,15.0,5.0,0.6187263838096038,1.0,-3.0
16.579136368584983,18.0,81.0,44.0,3.0,0.5386200983515396,5.0,-1.0
1.9983854220009918,3.0,13.0,5.0,3.0,0.9003231764966322,5.0,-5.0
1.0755491832784652,2.0,16.0,9.0,7.0,0.34894276120165224,4.0,-5.0
89.17254732124492,84.0,25.0,8.0,0.0,0.5953208162752004,1.0,-1.0
25.79227616069728,27.0,100.0,37.0,9.0,0.18288073665505422,3.0,-2.0
37.09266862291763,38.0,40.0,30.0,2.0,0.41504461627672107,1.0,-2.0
231.47405566169832,232.0,70.0,42.0,1.0,0.41143715894466826,1.0,-1.0
8.068642474138311,9.0,41.0,36.0,8.0,0.9239365857646078,1.0,-4.0
12.474886559718104,13.0,18.0,11.0,3.0,0.7805636735248268,1.0,-1.0
4.331959846984057,4.0,20.0,17.0,4.0,0.6703610278015923,3.0,-4.0
11.590171026484223,13.0,82.0,66.0,4.0,0.5978311178348069,5.0,-4.0
0.5791747052773936,2.0,7.0,6.0,1.0,0.9453189481129199,2.0,-3.0
39.16889926870493,33.0,84.0,64.0,0.0,0.5510609191818151,5.0,-5.0
31.768988426908738,29.0,33.0,30.0,5.0,0.042613811531847956,4.0,-1.0
72.04806605487435,65.0,67.0,11.0,8.0,0.5924196307011138,2.0,-1.0
164.8435621124319,50.0,72.0,24.0,7.0,0.5879094628904123,4.0,-5.0
15.009351839636356,16.0,74.0,29.0,9.0,0.444582903893464,2.0,-4.0
77.52646382268996,78.0,97.0,65.0,3.0,0.040054616339010085,4.0,-1.0
11.659439573914698,13.0,60.0,7.0,1.0,0.9432091285778355,5.0,-3.0
51.735937534655605,49.0,35.0,26.0,0.0,0.2934900787966358,3.0,-1.0
7.147573187876096,9.0,39.0,23.0,8.0,0.48356426706611877,1.0,-5.0
53.394905693004695,54.0,50.0,38.0,0.0,0.09610720656584781,2.0,-1.0
3.1716891614448244,4.0,68.0,63.0,0.0,0.7152894086078921,3.0,-2.0
17.36409182422398,18.0,49.0,37.0,8.0,0.10996224673374111,1.0,-2.0
5.8989398837378895,3.0,8.0,6.0,3.0,0.2678087941026004,4.0,-1.0
1.2696203674203348,2.0,6.0,5.0,2.0,0.6969092544631746,2.0,-2.0
15.404889719841151,15.0,37.0,19.0,10.0,0.8812085951497447,2.0,-5.0
25.055525198287015,26.0,98.0,88.0,6.0,0.28787812700618665,1.0,-5.0
4.095928739748631,1.0,13.0,12.0,10.0,0.5039034183227562,1.0,-2.0
29.586434000048403,30.0,62.0,34.0,9.0,0.9731898409918917,1.0,-1.0
8.824102404168531,1.0,8.0,6.0,5.0,0.4088839826947609,2.0,-1.0
1.300840958077918,3.0,16.0,15.0,2.0,0.5383904975129724,4.0,-3.0
3.6885881844242725,2.0,12.0,10.0,8.0,0.09155742522597887,4.0,-1.0
7.223126096007724,8.0,88.0,14.0,3.0,0.2954227337639922,2.0,-3.0
14.188407370393826,6.0,20.0,13.0,5.0,0.43667006466319924,5.0,-3.0
1.9429365063294897,2.0,27.0,9.0,6.0,0.242657570964798,3.0,-3.0
1.8003310717199046,3.0,34.0,3.0,0.0,0.38893997080825626,2.0,-4.0
9.243017261245805,10.0,60.0,26.0,2.0,0.779742084195736,5.0,-1.0
15.065532575621097,16.0,88.0,44.0,10.0,0.19368810650449386,5.0,-4.0
46.433902308066216,47.0,44.0,36.0,3.0,0.144656184816633,1.0,-1.0
2.5681799261561213,4.0,20.0,19.0,7.0,0.040928773244054195,3.0,-5.0
10.8526205774808,10.0,32.0,17.0,9.0,0.18040726473277524,5.0,-2.0
31.259730095198517,32.0,41.0,15.0,1.0,0.6105803421933959,2.0,-1.0
2.3478000372757757,3.0,66.0,58.0,10.0,0.8814890427621463,4.0,-1.0
9.924788083898424,11.0,30.0,23.0,7.0,0.34696872455247296,1.0,-3.0
32.42293571812254,30.0,65.0,16.0,2.0,0.7234750953460661,4.0,-5.0
6.329129658945883,7.0,36.0,18.0,4.0,0.2980009165448797,2.0,-4.0
0.6093051353785421,2.0,50.0,13.0,10.0,0.007635858323072564,5.0,-5.0
3.6735812997549013,4.0,54.0,45.0,2.0,0.9083208938645454,3.0,-3.0
1.7117657393699635,3.0,93.0,90.0,10.0,0.9587627102433018,2.0,-4.0
5.49511215946956,7.0,48.0,23.0,4.0,0.22034025229759668,2.0,-5.0
10.268231987077002,11.0,51.0,39.0,9.0,0.34639458805637546,1.0,-5.0
0.6152030658474519,3.0,32.0,6.0,5.0,0.4749040908557618,1.0,-4.0
7.663234378210233,9.0,32.0,15.0,4.0,0.7030640754061166,4.0,-2.0
6.270018774365826,7.0,45.0,30.0,2.0,0.8784674668383958,3.0,-2.0
24.624678783223228,26.0,75.0,48.0,1.0,0.3485576102078195,2.0,-4.0
7.171675672818502,8.0,63.0,52.0,4.0,0.84460389741695,2.0,-1.0
2.8521358492424933,4.0,80.0,14.0,6.0,0.13278716867864548,5.0,-4.0
10.961447744743314,12.0,98.0,63.0,0.0,0.6988348135367527,5.0,-1.0
23.48530351216848,24.0,54.0,48.0,9.0,0.5565645022798132,1.0,-5.0
25.795406029004397,27.0,59.0,27.0,0.0,0.39066039922270535,2.0,-3.0
54.630464365293626,21.0,43.0,11.0,5.0,0.6982192202001705,3.0,-5.0
1.3648275501551441,2.0,9.0,7.0,4.0,0.466986683939303,1.0,-5.0
4.909197232602545,2.0,12.0,11.0,2.0,0.5781888102093327,4.0,-5.0
6.78863052513452,8.0,40.0,33.0,3.0,0.09680775847876089,1.0,-5.0
1.416465879546397,2.0,25.0,14.0,10.0,0.27200879334974315,3.0,-5.0
58.22543946192997,59.0,92.0,19.0,7.0,0.6507495028791674,3.0,-2.0
3.9364208553023072,5.0,57.0,6.0,1.0,0.2883017685441728,3.0,-3.0
2.0177319129881837,3.0,22.0,17.0,6.0,0.6847537368452477,5.0,-3.0
0.9216837491572953,1.0,12.0,9.0,7.0,0.1185797573767079,4.0,-3.0
31.271445014726858,32.0,72.0,21.0,4.0,0.5788601029468827,5.0,-3.0
20.15983596013969,22.0,99.0,43.0,2.0,0.7777800380455673,5.0,-5.0
1.5894174460807582,3.0,15.0,9.0,1.0,0.9678525716445906,4.0,-3.0
9.449203317882677,12.0,59.0,52.0,8.0,0.3915433134490889,5.0,-2.0
71.97547927784073,64.0,76.0,48.0,9.0,0.484145910883094,4.0,-3.0
61.27390071407258,15.0,16.0,10.0,1.0,0.5244802433420972,2.0,-2.0
2.9208842195832765,3.0,30.0,12.0,10.0,0.05254597297450447,5.0,-1.0
18.584078887675055,13.0,18.0,11.0,3.0,0.8961110837786567,1.0,-5.0
1.501634775626846,2.0,10.0,4.0,0.0,0.3337480624522098,2.0,-5.0
5.330607824993762,6.0,23.0,12.0,4.0,0.7233649348692607,4.0,-3.0
6.4238322311052825,8.0,39.0,25.0,7.0,0.6865982709443478,5.0,-4.0
29.19548423996469,30.0,42.0,20.0,0.0,0.9383852980411005,1.0,-3.0
9.736405081983069,11.0,92.0,13.0,2.0,0.29007318726719866,1.0,-2.0
31.053494877928113,15.0,37.0,34.0,9.0,0.17070537655710627,5.0,-2.0
2.3687571532651024,3.0,22.0,11.0,6.0,0.14819807206295332,3.0,-3.0
104.84627508214255,103.0,46.0,12.0,6.0,0.6621421456001296,1.0,-1.0
79.55216132188309,80.0,97.0,65.0,6.0,0.12917412286716612,1.0,-1.0
8.690693676342525,10.0,26.0,20.0,9.0,0.5634645604233324,2.0,-1.0
15.709548362879913,17.0,71.0,14.0,4.0,0.8285458203773484,5.0,-3.0
6.277214600072223,7.0,79.0,53.0,0.0,0.8774234992630752,5.0,-2.0
15.458845574582648,17.0,41.0,14.0,1.0,0.28976437895572016,2.0,-2.0
9.545996886898507,11.0,78.0,48.0,1.0,0.012745035836162932,1.0,-5.0
47.19063077673095,38.0,65.0,6.0,3.0,0.6500496349758143,3.0,-2.0
3.302347600706133,5.0,25.0,7.0,1.0,0.2728888382798863,4.0,-4.0
9.055474486018246,11.0,51.0,46.0,8.0,0.6380380455966183,2.0,-2.0
18.05853556829256,19.0,51.0,28.0,5.0,0.5684089860584229,3.0,-1.0
2.7484701829493434,4.0,20.0,17.0,5.0,0.5152527163784342,4.0,-2.0
90.26620501424989,91.0,99.0,92.0,9.0,0.3601658376764697,1.0,-2.0
186.3504473834237,77.0,94.0,37.0,5.0,0.4828280530316309,5.0,-5.0
1.5095685247872215,2.0,18.0,13.0,9.0,0.27004724405421565,1.0,-4.0
2.483109181133149,3.0,56.0,10.0,2.0,0.2963721141231187,1.0,-5.0
6.729777433739807,7.0,71.0,53.0,0.0,0.945779972597529,3.0,-3.0
4.221482724729622,5.0,85.0,25.0,5.0,0.03747544560793559,2.0,-5.0
0.8383546541992959,2.0,33.0,3.0,1.0,0.26906246459815586,2.0,-4.0
9.122973834274136,10.0,48.0,37.0,0.0,0.6411494365724049,3.0,-2.0
9.921710173691956,10.0,59.0,32.0,4.0,0.953550841661555,3.0,-3.0
14.869440799178623,10.0,24.0,16.0,0.0,0.44225202470662106,5.0,-3.0
2.695924009036838,2.0,13.0,12.0,9.0,0.12674414147622814,5.0,-2.0
59.252693004617214,56.0,71.0,16.0,4.0,0.654704642132508,3.0,-3.0
4.81967569214831,6.0,33.0,27.0,7.0,0.6938774488216787,4.0,-5.0
9.773599670406215,10.0,35.0,20.0,2.0,0.022614848644576413,5.0,-2.0
105.80742972248223,106.0,98.0,40.0,4.0,0.9246942773806555,1.0,-5.0
25.977988269655473,27.0,72.0,30.0,0.0,0.12073945235814132,5.0,-2.0
16.223019355589333,15.0,35.0,9.0,1.0,0.8253326217372893,3.0,-5.0
7.7796594699854,9.0,79.0,60.0,8.0,0.8605665702111913,3.0,-1.0
193.18673593096804,57.0,65.0,15.0,5.0,0.608402420116659,3.0,-4.0
7.179712688195197,4.0,10.0,4.0,0.0,0.6392813394391378,3.0,-3.0
23.60542417523523,22.0,53.0,44.0,8.0,0.35356097012308063,3.0,-4.0
0.9016695151165006,2.0,26.0,10.0,8.0,0.2545560578032551,3.0,-4.0
54.417965495571615,34.0,53.0,51.0,8.0,0.5524549447576315,1.0,-3.0
5.200821690577712,6.0,30.0,20.0,3.0,0.14625714891172803,1.0,-4.0
7.94317223193276,10.0,42.0,14.0,2.0,0.3876965070040045,4.0,-5.0
17.475217505683606,16.0,23.0,16.0,5.0,0.28011345206688654,4.0,-1.0
4.887635367018642,8.0,77.0,4.0,1.0,0.7310343763829114,1.0,-5.0
162.16621889255467,159.0,71.0,24.0,0.0,0.5724565207244865,2.0,-2.0
300.95477073737527,301.0,99.0,79.0,10.0,0.38536483433882485,1.0,-1.0
26.97834422902959,27.0,66.0,48.0,6.0,0.7778669677130111,2.0,-4.0
6.059397209092654,7.0,72.0,26.0,1.0,0.0971307845883248,4.0,-5.0
107.06985528362262,109.0,73.0,39.0,0.0,0.7726253032086841,1.0,-5.0
5.279368930674107,6.0,22.0,18.0,7.0,0.3832835270864299,1.0,-4.0
16.599666901174096,18.0,86.0,22.0,1.0,0.8728332279933566,5.0,-4.0
6.644955794982541,8.0,94.0,15.0,1.0,0.413305532971317,2.0,-5.0
100.5568132739933,101.0,97.0,14.0,4.0,0.9709006734561831,1.0,-5.0
3.1937555105621853,3.0,20.0,19.0,10.0,0.662622201148013,2.0,-3.0
6.1805142602749505,7.0,64.0,44.0,9.0,0.8908538110435551,4.0,-3.0
37.19746949468693,38.0,80.0,24.0,0.0,0.7864969647541624,3.0,-4.0
0.7182862739646099,2.0,47.0,46.0,5.0,0.8480506436801514,2.0,-2.0
12.177712731748157,12.0,40.0,7.0,5.0,0.7419736978023249,4.0,-1.0
94.91024376403855,38.0,35.0,28.0,2.0,0.5452113934832156,2.0,-3.0
14.683101131646154,15.0,74.0,28.0,6.0,0.1254197290689516,2.0,-2.0
137.08314689621855,57.0,72.0,11.0,3.0,0.49214077251772004,4.0,-3.0
0.5536218357686034,2.0,52.0,3.0,2.0,0.29842821607113745,1.0,-3.0
9.365602621385158,10.0,85.0,52.0,7.0,0.9205886571329415,4.0,-2.0
17.906323407566767,19.0,99.0,46.0,1.0,0.9919696499796661,3.0,-2.0
5.304075753469559,7.0,94.0,23.0,7.0,0.19834518314460525,5.0,-5.0
6.962115622228087,8.0,51.0,27.0,3.0,0.06141910970959086,5.0,-4.0
59.47175929260222,3.0,16.0,4.0,3.0,0.5779751602417614,4.0,-5.0
128.9648064619714,31.0,100.0,98.0,8.0,0.3669039101363597,5.0,-4.0
53.64933555753665,55.0,98.0,76.0,10.0,0.3539578102352534,2.0,-3.0
168.72370787601173,86.0,34.0,15.0,1.0,0.27815253445882415,3.0,-1.0
36.044974446631436,34.0,62.0,40.0,0.0,0.32114169523526037,5.0,-4.0
12.69285364027722,14.0,55.0,23.0,0.0,0.5313261218762247,1.0,-5.0
2.684700894278912,3.0,12.0,8.0,5.0,0.41498731500679686,5.0,-1.0
12.438395741295121,13.0,72.0,28.0,6.0,0.7562389463929721,5.0,-1.0
20.51069858635887,21.0,58.0,24.0,5.0,0.832208934503409,3.0,-5.0
0.9076978094777608,3.0,15.0,5.0,4.0,0.5569016803423747,2.0,-5.0
13.187271622498747,14.0,93.0,40.0,10.0,0.8598609923394067,5.0,-2.0
0.36061530787335155,2.0,45.0,8.0,7.0,0.3711603112019486,1.0,-5.0
18.741604175071284,20.0,66.0,62.0,2.0,0.2997610784405921,1.0,-5.0
24.888278684673427,26.0,93.0,26.0,10.0,0.948671714430105,3.0,-3.0
0.9837221051771139,3.0,80.0,10.0,9.0,0.24793159384936825,5.0,-3.0
18.400417183824395,20.0,78.0,33.0,8.0,0.3282670305760542,2.0,-3.0
10.646378183303895,12.0,95.0,63.0,6.0,0.8895241122175319,4.0,-5.0
119.86647563971489,120.0,86.0,17.0,0.0,0.7878202584657394,1.0,-1.0
1.8654276485259498,3.0,7.0,6.0,1.0,0.6340175268644423,2.0,-2.0
311.82191191796977,40.0,77.0,63.0,5.0,0.4813996394149306,5.0,-5.0
12.892414253746475,14.0,36.0,28.0,8.0,0.08974003462248203,3.0,-2.0
3.871594237784282,5.0,32.0,25.0,2.0,0.961608142283325,2.0,-3.0
120.1662175795455,67.0,56.0,35.0,10.0,0.6319924732819203,2.0,-4.0
26.67983855244889,28.0,99.0,50.0,6.0,0.4727654704735984,5.0,-1.0
32.241294498877934,32.0,83.0,14.0,6.0,0.8925140726840285,3.0,-5.0
167.6805493672739,168.0,88.0,49.0,7.0,0.37476186069737105,1.0,-1.0
5.545416840915747,6.0,27.0,19.0,1.0,0.9203761085054599,2.0,-5.0
5.301003031534836,7.0,85.0,18.0,6.0,0.39089678126913285,2.0,-5.0
41.857555646912715,41.0,72.0,61.0,2.0,0.22720822667616702,4.0,-3.0
6.198230119549973,7.0,20.0,11.0,4.0,0.47844089186252414,2.0,-4.0
5.862387479192891,7.0,37.0,16.0,1.0,0.2882630991813888,1.0,-4.0
51.96617967698779,54.0,99.0,55.0,1.0,0.3701078270144783,4.0,-4.0
12.229576336931926,16.0,43.0,5.0,3.0,0.7091155093010003,1.0,-3.0
10.321588537907676,12.0,71.0,24.0,10.0,0.5287239275508266,1.0,-4.0
53.150737261281165,54.0,85.0,58.0,8.0,0.019759758902262003,2.0,-1.0
80.8726274223908,57.0,67.0,48.0,2.0,0.4289005417127325,4.0,-4.0
137.6089406295818,81.0,99.0,7.0,4.0,0.3337122422120046,4.0,-1.0
62.08873835119031,58.0,68.0,10.0,1.0,0.822357810074823,2.0,-4.0
8.694112145016552,10.0,61.0,31.0,3.0,0.17794296262845488,5.0,-5.0
66.4474733310483,67.0,71.0,39.0,1.0,0.9135972330118374,1.0,-5.0
11.59997837048962,8.0,27.0,17.0,9.0,0.6945815104207439,3.0,-4.0
8.827537318944241,9.0,48.0,26.0,5.0,0.10351342922234241,3.0,-3.0
16.833987745219172,18.0,98.0,30.0,3.0,0.879930865380604,5.0,-3.0
38.52295036005617,23.0,90.0,87.0,2.0,0.2793523102318375,5.0,-5.0
8.076157862230982,9.0,81.0,51.0,7.0,0.8393297052843998,5.0,-3.0
3.968022704002548,5.0,30.0,20.0,9.0,0.20463974038823374,2.0,-4.0
0.9200764372040532,1.0,9.0,7.0,6.0,0.15218896322737052,4.0,-2.0
12.958350347384673,14.0,47.0,39.0,1.0,0.0168819915092554,1.0,-3.0
16.09508173815551,17.0,70.0,23.0,0.0,0.19033067835715567,1.0,-2.0
12.652426853488343,11.0,30.0,22.0,1.0,0.2600265963625944,5.0,-4.0
2.989520264701654,4.0,24.0,11.0,2.0,0.3315805880146139,1.0,-5.0
13.95236782116748,15.0,39.0,22.0,4.0,0.10141377096385074,5.0,-2.0
140.04518081890518,137.0,57.0,26.0,9.0,0.740452378341355,1.0,-2.0
48.25343464981457,45.0,58.0,43.0,7.0,0.179134159756829,5.0,-2.0
1.5156317218378617,2.0,53.0,49.0,4.0,0.7278327105940463,4.0,-1.0
7.481617751649188,9.0,90.0,70.0,2.0,0.6676026622640033,5.0,-2.0
0.5856115335656947,2.0,9.0,2.0,0.0,0.09746111959740034,2.0,-4.0
286.57587797352255,73.0,69.0,52.0,8.0,0.4066375717159153,4.0,-3.0
4.054204912613501,4.0,18.0,12.0,6.0,0.5028650101974473,2.0,-5.0
2.209668455298563,4.0,100.0,97.0,1.0,0.47966710589586425,5.0,-2.0
6.382647294907988,7.0,22.0,14.0,10.0,0.18665039636522296,1.0,-1.0
94.40922597694825,92.0,85.0,26.0,10.0,0.5249877845930141,3.0,-2.0
27.625376754776756,29.0,77.0,47.0,10.0,0.6953193467284585,2.0,-1.0
62.063239237402186,63.0,90.0,65.0,0.0,0.15878019259419085,4.0,-2.0
543.4275980992722,81.0,91.0,50.0,9.0,0.5075447033134505,5.0,-5.0
11.8519731731501,13.0,68.0,29.0,2.0,0.7863239144891085,5.0,-3.0
111.3543579381742,112.0,83.0,63.0,2.0,0.2260996285665433,1.0,-1.0
16.930596750035257,16.0,50.0,36.0,9.0,0.2672504539258437,5.0,-4.0
42.95374605515009,27.0,32.0,20.0,1.0,0.4262772876060483,3.0,-3.0
87.04060740883146,82.0,99.0,29.0,3.0,0.4755277911136474,5.0,-3.0
197.7495110132302,133.0,58.0,38.0,5.0,0.5252845125855481,2.0,-2.0
1.1381555091692124,1.0,8.0,7.0,5.0,0.7757229116660767,2.0,-3.0
9.189371285580235,11.0,21.0,10.0,1.0,0.36617251710609344,5.0,-1.0
10.040616263785472,11.0,51.0,28.0,0.0,0.04226530992942146,2.0,-3.0
0.2723355977303171,2.0,81.0,80.0,5.0,0.9453233487984063,4.0,-2.0
28.23780965280277,28.0,85.0,8.0,7.0,0.9544733990038617,3.0,-3.0
20.372079145729845,21.0,70.0,34.0,9.0,0.720890561430164,4.0,-4.0
4.904027001282084,6.0,47.0,38.0,2.0,0.7088066092237606,3.0,-1.0
1.7720118903887914,4.0,60.0,11.0,10.0,0.608917425240782,1.0,-3.0
15.201183992559125,16.0,66.0,51.0,8.0,0.31018185330593606,2.0,-5.0
12.77945801385792,12.0,46.0,21.0,8.0,0.6956264496732979,5.0,-5.0
9.917241496303616,11.0,49.0,24.0,10.0,0.9041724558047332,3.0,-2.0
16.766426798229258,18.0,70.0,36.0,9.0,0.47792779791515827,1.0,-4.0
14.246457008224242,16.0,67.0,49.0,10.0,0.6263472033054176,5.0,-5.0
86.66454278893619,40.0,27.0,23.0,7.0,0.2717933636790516,2.0,-1.0
53.615219463190016,28.0,47.0,30.0,6.0,0.41463426842743667,5.0,-3.0
1.6412272059528876,2.0,17.0,13.0,10.0,0.29302487962685575,1.0,-3.0
11.991431341902516,3.0,20.0,10.0,8.0,0.5833928804233427,5.0,-5.0
0.34804453132947705,1.0,12.0,11.0,10.0,0.9788659256619416,3.0,-3.0
2.1036343837763805,4.0,20.0,7.0,1.0,0.30682761997365027,2.0,-5.0
8.301104650885188,9.0,75.0,37.0,9.0,0.08956499203453738,3.0,-4.0
5.173524509921521,3.0,11.0,9.0,2.0,0.20586965214488306,5.0,-3.0
6.926373337647143,9.0,43.0,27.0,4.0,0.731001120211564,5.0,-5.0
202.7635628833544,73.0,71.0,26.0,4.0,0.4027416707420748,5.0,-3.0
1.0346290464904915,2.0,94.0,11.0,7.0,0.12598667195227753,4.0,-5.0
22.16680055024344,23.0,73.0,40.0,10.0,0.8977425625786811,2.0,-3.0
38.26409308738465,33.0,61.0,14.0,1.0,0.5825319870697327,3.0,-5.0
1.3623268669880229,3.0,65.0,13.0,10.0,0.3996979020971755,2.0,-5.0
49.908878064227146,4.0,15.0,13.0,5.0,0.3400121717737481,4.0,-2.0
24.347646918181614,25.0,96.0,19.0,4.0,0.8604205453525794,4.0,-2.0
7.602094808093766,8.0,24.0,17.0,5.0,0.10537193027295944,2.0,-2.0
0.5800755367885275,3.0,46.0,45.0,9.0,0.5904891769648442,5.0,-3.0
21.84273554941246,23.0,65.0,22.0,9.0,0.8526596987734418,3.0,-4.0
9.4811697724231,10.0,32.0,14.0,0.0,0.9796999828513723,2.0,-3.0
25.1648094897523,26.0,63.0,13.0,5.0,0.9973803181014438,2.0,-3.0
26.644530760345628,28.0,88.0,56.0,7.0,0.165853347215013,4.0,-3.0
59.61713518999081,48.0,86.0,62.0,10.0,0.4127767548133874,5.0,-5.0
92.92174131627712,95.0,88.0,63.0,5.0,0.42301453404360867,2.0,-1.0
1.2177574063781593,2.0,40.0,12.0,9.0,0.08940918989185664,3.0,-3.0
7.285609694946325,9.0,37.0,9.0,0.0,0.47058601858944515,3.0,-5.0
17.967703403710274,19.0,59.0,31.0,5.0,0.18431973161669102,1.0,-2.0
71.40062411506223,74.0,64.0,31.0,2.0,0.6484602713231664,1.0,-3.0
84.63916271243386,66.0,87.0,25.0,10.0,0.7165651780054942,3.0,-5.0
5.268988175849313,6.0,66.0,25.0,5.0,0.12042048050760368,5.0,-5.0
0.2594288427065388,2.0,30.0,4.0,3.0,0.16362549714578645,2.0,-5.0
21.80671800637597,22.0,30.0,21.0,3.0,0.043641574184420384,3.0,-1.0
3.6367189713460073,2.0,9.0,7.0,3.0,0.4249910434725255,4.0,-2.0
185.21185681339253,50.0,48.0,24.0,9.0,0.354930222802619,4.0,-2.0
17.851836870513132,19.0,93.0,72.0,3.0,0.7394785049878045,3.0,-4.0
24.454283400599344,22.0,71.0,68.0,1.0,0.3228848126672278,2.0,-5.0
55.84028586091979,46.0,80.0,70.0,8.0,0.23621131221815805,5.0,-3.0
7.353540460575964,3.0,20.0,16.0,7.0,0.6159950740197857,4.0,-5.0
1.275862370095656,4.0,89.0,88.0,7.0,0.6306305997990763,3.0,-3.0
1.7485945855116367,2.0,52.0,48.0,8.0,0.8097279338340806,4.0,-5.0
3.6166287896556506,6.0,60.0,5.0,0.0,0.2908330046570474,5.0,-4.0
1.1758545485326275,2.0,11.0,3.0,0.0,0.07477733906463169,3.0,-3.0
19.150375079492132,20.0,48.0,22.0,4.0,0.7653822511276855,3.0,-4.0
9.464945215366443,10.0,51.0,21.0,6.0,0.13840159103976868,1.0,-2.0
355.5658684609869,198.0,83.0,34.0,10.0,0.4275617005715926,3.0,-2.0
18.55518857089631,20.0,90.0,81.0,6.0,0.11975048641086705,3.0,-5.0
11.821897600884402,13.0,58.0,21.0,7.0,0.5631513912123101,1.0,-4.0
1.3212733256971705,2.0,45.0,41.0,4.0,0.8378971156339408,4.0,-2.0
7.798244253266556,1.0,2.0,1.0,0.0,0.18803899885501185,5.0,-1.0
16.364346581250985,17.0,83.0,37.0,5.0,0.9527472770086537,3.0,-1.0
46.75487656053411,47.0,61.0,17.0,9.0,0.9705391526703387,1.0,-1.0
9.045656600490764,10.0,83.0,20.0,4.0,0.04623905799979333,3.0,-2.0
59.18835311430219,50.0,74.0,63.0,5.0,0.4314396403340832,3.0,-4.0
25.068034819099267,27.0,86.0,45.0,1.0,0.43925817145135904,5.0,-1.0
3.6387264589911847,5.0,61.0,50.0,1.0,0.6705059505466685,5.0,-1.0
167.715647350083,168.0,73.0,24.0,6.0,0.6460805857241195,1.0,-1.0
23.36197507459668,24.0,89.0,49.0,1.0,0.2363447991155273,1.0,-3.0
5.551088315448575,7.0,86.0,20.0,2.0,0.17573926089580783,5.0,-5.0
18.77787874735429,20.0,73.0,55.0,10.0,0.325445397710722,3.0,-5.0
13.079890923829872,14.0,60.0,11.0,9.0,0.9682760762814192,4.0,-4.0
39.111597655154064,33.0,90.0,87.0,6.0,0.11612537950323942,5.0,-3.0
19.735215128752476,21.0,91.0,70.0,7.0,0.3012894751084274,1.0,-5.0
14.859504251282285,16.0,61.0,37.0,10.0,0.3638301841096071,2.0,-4.0
8.209301569789167,9.0,39.0,5.0,1.0,0.50424927683169,1.0,-2.0
1.5094406977820767,2.0,19.0,11.0,7.0,0.19285883214155597,3.0,-4.0
34.97485921479219,37.0,79.0,38.0,0.0,0.6172270622969643,5.0,-5.0
5.022760303424274,5.0,30.0,12.0,9.0,0.8583686840028674,5.0,-5.0
20.04821147854458,21.0,62.0,37.0,8.0,0.5617485071767472,3.0,-1.0
167.79600269533788,117.0,70.0,62.0,9.0,0.4210350676585686,2.0,-2.0
29.486307982056083,31.0,93.0,65.0,10.0,0.23719194220408146,5.0,-4.0
43.57328805301398,5.0,29.0,28.0,10.0,0.5028687300312962,4.0,-4.0
5.824415166166318,7.0,75.0,16.0,7.0,0.49354006875156287,2.0,-5.0
35.86557253398313,36.0,41.0,14.0,4.0,0.18029527138786883,3.0,-1.0
23.434864670668297,25.0,56.0,24.0,2.0,0.6730973739315171,3.0,-2.0
2.8425192987353904,4.0,58.0,21.0,7.0,0.009348946802733016,3.0,-5.0
1.014709579670677,4.0,50.0,5.0,4.0,0.669082724089299,1.0,-5.0
7.402252287390338,9.0,67.0,48.0,10.0,0.6523980474808865,5.0,-2.0
1.2907159915266608,2.0,45.0,41.0,6.0,0.8712935883493398,4.0,-3.0
8.680661050836084,4.0,19.0,7.0,3.0,0.5980425777576801,5.0,-4.0
2.387439657377751,4.0,29.0,25.0,8.0,0.8344293769707989,3.0,-5.0
31.923264648545068,33.0,82.0,21.0,6.0,0.9821664273473993,2.0,-3.0
73.286648480995,74.0,97.0,25.0,5.0,0.9912218084217028,1.0,-1.0
12.022190567597539,10.0,32.0,15.0,9.0,0.48772168319448916,5.0,-2.0
211.3279453231565,127.0,100.0,65.0,6.0,0.4651016339144245,4.0,-4.0
1.8031722634699592,2.0,11.0,8.0,0.0,0.7079668191425946,4.0,-4.0
10.922121446855405,12.0,32.0,16.0,3.0,0.11567929148909806,5.0,-2.0
0.6310163825000896,2.0,35.0,34.0,8.0,0.6461862273836678,3.0,-1.0
17.32229243632505,18.0,95.0,59.0,5.0,0.31377161636757567,1.0,-5.0
48.10713832723282,49.0,62.0,55.0,7.0,0.0007423591796574813,2.0,-1.0
2.368808074074518,5.0,42.0,40.0,5.0,0.30738441285366624,5.0,-1.0
14.449282679766535,15.0,57.0,47.0,0.0,0.08302704138297978,5.0,-4.0
21.273800398794382,22.0,68.0,58.0,5.0,0.6175154393260961,2.0,-2.0
3.256175155273854,4.0,16.0,12.0,3.0,0.047204184613768296,2.0,-3.0
440.43341452881015,37.0,54.0,52.0,1.0,0.4710512427545027,2.0,-2.0
1.9332712007980775,2.0,38.0,1.0,0.0,0.16091399910038695,2.0,-1.0
18.941714023375425,15.0,25.0,18.0,10.0,0.11553034756910141,4.0,-1.0
82.40691226586259,86.0,95.0,58.0,4.0,0.24149857696530352,5.0,-1.0
0.8805643230723579,2.0,35.0,32.0,2.0,0.8406906141203592,5.0,-5.0
13.147997830741325,14.0,39.0,32.0,8.0,0.4349254037160606,1.0,-4.0
8.061363259557472,9.0,28.0,22.0,9.0,0.2774739065483167,2.0,-3.0
11.953107296242436,12.0,39.0,33.0,0.0,0.17703022818206748,3.0,-4.0
50.55962873598578,36.0,19.0,12.0,1.0,0.2608117037578195,2.0,-1.0
8.16953795622684,10.0,54.0,12.0,3.0,0.5796693020285149,1.0,-4.0
599.8052043964218,32.0,94.0,92.0,5.0,0.642492151517884,2.0,-4.0
199.95792651223337,117.0,75.0,34.0,8.0,0.6449954410797769,2.0,-4.0
1.2222738956733796,3.0,31.0,5.0,2.0,0.28283981278033077,4.0,-5.0
21.532403756673826,22.0,54.0,48.0,9.0,0.06292543336517165,1.0,-2.0
7.232636733369211,8.0,31.0,27.0,7.0,0.046951347418680345,2.0,-3.0
1.746105457074526,2.0,19.0,17.0,6.0,0.8575676984358528,2.0,-4.0
5.269862357644243,6.0,13.0,9.0,0.0,0.45843510174625435,1.0,-4.0
6.018195263611884,7.0,14.0,8.0,1.0,0.4592151511631547,1.0,-3.0
260.4635220613199,40.0,67.0,65.0,10.0,0.35776759865279595,3.0,-2.0
765.8757669473766,137.0,65.0,14.0,0.0,0.4133180868754408,3.0,-2.0
24.737254369285267,23.0,36.0,31.0,2.0,0.3655358224718138,2.0,-3.0
25.332847403989067,11.0,37.0,27.0,10.0,0.4809927218256428,4.0,-5.0
24.905072599344802,26.0,86.0,68.0,9.0,0.09014352819288618,4.0,-3.0
10.98669648960353,12.0,50.0,36.0,7.0,0.8548536771403105,2.0,-3.0
1.1661516287425657,2.0,7.0,5.0,4.0,0.3808261935090217,1.0,-2.0
20.089231959669938,21.0,71.0,20.0,1.0,0.7912390656588341,4.0,-3.0
12.246276628608953,13.0,56.0,16.0,10.0,0.8777164849512247,4.0,-2.0
13.14464064156243,15.0,62.0,46.0,4.0,0.602460875079918,4.0,-3.0
135.32700942010564,136.0,89.0,72.0,0.0,0.23397771698151892,1.0,-1.0
2.9638012863044967,4.0,25.0,21.0,1.0,0.6213740209952526,4.0,-3.0
9.107890422949458,10.0,72.0,46.0,0.0,0.8091112722525904,4.0,-2.0
12.297532211159304,14.0,56.0,38.0,5.0,0.21942246306872315,2.0,-4.0
4.525227672955653,3.0,22.0,13.0,10.0,0.6988850208308226,5.0,-5.0
2.0216951356865454,3.0,25.0,22.0,7.0,0.8279677529093645,2.0,-1.0
9.23660102376392,11.0,84.0,23.0,9.0,0.5807151540561148,1.0,-5.0
26.142734661745827,27.0,95.0,45.0,10.0,0.9825154533137963,2.0,-3.0
6.312223676226202,7.0,69.0,57.0,4.0,0.7802146633426738,3.0,-2.0
84.02520870584011,85.0,93.0,74.0,0.0,0.029827979186986875,3.0,-1.0
45.107437194207726,1.0,12.0,11.0,10.0,0.17036154886423183,5.0,-1.0
8.306902433066703,9.0,18.0,8.0,0.0,0.8407636319452532,2.0,-3.0
13.46234773346434,15.0,79.0,22.0,2.0,0.5028750052223872,1.0,-4.0
19.63329860812235,8.0,22.0,4.0,3.0,0.5833619541909616,3.0,-2.0
23.26045038116779,24.0,73.0,58.0,5.0,0.1442908530876078,2.0,-3.0
14.186586492430415,15.0,86.0,45.0,9.0,0.7362567408470363,5.0,-3.0
3.269737520514684,4.0,23.0,15.0,1.0,0.8616698932106279,3.0,-1.0
2.7491699504800953,2.0,11.0,10.0,1.0,0.536374615538969,5.0,-5.0
20.830549763365475,22.0,71.0,55.0,8.0,0.44202565680886485,3.0,-1.0
34.95657835933551,35.0,38.0,10.0,5.0,0.42848270290354806,1.0,-1.0
90.28109029190297,80.0,74.0,23.0,10.0,0.1426675472534955,5.0,-1.0
155.58502586969155,157.0,96.0,36.0,1.0,0.46188040840179634,2.0,-1.0
2.397017151786199,3.0,13.0,7.0,2.0,0.48567902776762073,1.0,-5.0
1.7718563878659161,3.0,13.0,12.0,5.0,0.1748902029214835,1.0,-5.0
1.272230913184023,4.0,69.0,9.0,8.0,0.4591398812413372,3.0,-4.0
10.380597585350326,11.0,47.0,38.0,10.0,0.6223340363596953,2.0,-1.0
18.20083339116038,19.0,62.0,38.0,1.0,0.9026601340107246,2.0,-5.0
2.0473381242537134,2.0,15.0,10.0,5.0,0.7157995024947917,5.0,-4.0
34.24849144800607,35.0,49.0,16.0,0.0,0.17760871283639645,2.0,-1.0
14.744105357302859,15.0,61.0,37.0,8.0,0.9069422901287231,2.0,-2.0
14.722920417752254,12.0,40.0,36.0,5.0,0.36180493475141695,3.0,-5.0
4.989274457816475,3.0,9.0,8.0,5.0,0.06645169468478418,5.0,-1.0
17.92265255028943,15.0,65.0,1.0,0.0,0.79584285720799,5.0,-2.0
11.6265083117065,9.0,13.0,12.0,5.0,0.1989637898012837,1.0,-1.0
66.4024233783429,53.0,70.0,58.0,10.0,0.6110192594144406,2.0,-5.0
42.04758452454565,43.0,62.0,56.0,3.0,0.24650777130007084,1.0,-2.0
10.545088058598562,11.0,80.0,35.0,0.0,0.1361838269058232,1.0,-4.0
2.0086493049630936,3.0,24.0,13.0,6.0,0.08584518439796229,2.0,-4.0
3917.0205981824765,811.0,100.0,79.0,9.0,0.6607097581571326,1.0,-2.0
16.992588026133063,18.0,58.0,41.0,9.0,0.6000436188640338,5.0,-5.0
16.67212953415938,18.0,72.0,18.0,7.0,0.748419766647599,5.0,-2.0
72.86664312843037,74.0,99.0,57.0,0.0,0.7152790857291815,2.0,-3.0
1.016457707098151,3.0,58.0,57.0,6.0,0.7479760954411552,3.0,-5.0
25.475078939850597,26.0,83.0,47.0,0.0,0.9021909613770637,2.0,-4.0
53.81153853837108,10.0,24.0,19.0,7.0,0.6294999166661278,2.0,-4.0
87.77465274965776,49.0,43.0,34.0,3.0,0.8504225493314661,1.0,-5.0
253.0133492482897,29.0,49.0,14.0,6.0,0.4483332317128642,4.0,-3.0
34.790380799984696,35.0,74.0,68.0,0.0,0.011359185812433559,2.0,-2.0
45.14892918703903,16.0,26.0,15.0,5.0,0.4630851340956029,3.0,-3.0
1.4812377526197524,4.0,33.0,31.0,3.0,0.3917036890783572,5.0,-1.0
2.4195062934739004,3.0,18.0,13.0,6.0,0.15812111168057008,3.0,-4.0
79.15516914261396,79.0,87.0,47.0,1.0,0.7508894248121938,2.0,-4.0
31.415008374988155,32.0,90.0,12.0,3.0,0.8707224192728662,3.0,-1.0
32.188460770122276,12.0,31.0,28.0,4.0,0.3220558839774519,4.0,-3.0
29.3410527879574,31.0,75.0,23.0,0.0,0.5544521757674805,4.0,-1.0
33.968698159085626,34.0,85.0,39.0,9.0,0.27920849468898556,2.0,-2.0
105.52077234948894,29.0,34.0,20.0,1.0,0.7332393283985443,2.0,-5.0
18.2696471178371,19.0,84.0,16.0,8.0,0.9444040879542764,4.0,-1.0
27.595535775165008,29.0,95.0,64.0,10.0,0.43473739251591936,2.0,-5.0
20.31470722074333,21.0,53.0,16.0,5.0,0.7053351372228901,3.0,-1.0
8.252453581184765,9.0,59.0,38.0,5.0,0.7089395485453946,4.0,-1.0
0.4132349418547661,2.0,53.0,11.0,10.0,0.1975086389380596,4.0,-4.0
2.9209699462622467,4.0,70.0,10.0,5.0,0.04117711914749722,5.0,-2.0
14.66716184493082,15.0,34.0,9.0,3.0,0.9577839867659425,2.0,-5.0
41.74325637377273,41.0,86.0,65.0,4.0,0.28207623538358517,5.0,-4.0
8.360796498591082,9.0,34.0,22.0,9.0,0.8588174883224995,2.0,-2.0
27.668778488259914,28.0,89.0,14.0,9.0,0.9421272936340367,3.0,-2.0
19.797845567549153,12.0,43.0,6.0,5.0,0.5737780444216322,4.0,-1.0
3.43261195187905,4.0,46.0,13.0,0.0,0.12127964995042173,5.0,-5.0
12.658753998541922,13.0,21.0,14.0,5.0,0.14451477605787066,1.0,-1.0
3.805787110009811,5.0,45.0,23.0,8.0,0.006514886513294127,5.0,-4.0
1.221279179922212,1.0,11.0,10.0,9.0,0.454455200224256,3.0,-4.0
15.402591896621765,13.0,28.0,24.0,1.0,0.5432827585864225,3.0,-3.0
1.2071939053026772,1.0,7.0,4.0,1.0,0.1893622488046135,4.0,-4.0
7.2428472995637,8.0,31.0,18.0,6.0,0.33579825365354365,1.0,-3.0
11.638477764121351,13.0,61.0,26.0,8.0,0.8345443552176649,4.0,-2.0
46.68744215427211,3.0,12.0,11.0,0.0,0.537770086428772,3.0,-4.0
4.532227809331348,6.0,62.0,52.0,9.0,0.886631488993783,3.0,-4.0
43.21590254042816,45.0,74.0,39.0,9.0,0.4014124363041649,5.0,-2.0
9.40678471339624,11.0,67.0,38.0,6.0,0.8471468711780088,4.0,-2.0
41.83413436850724,43.0,96.0,53.0,9.0,0.5069671910814678,3.0,-1.0
36.8261344012794,35.0,36.0,27.0,9.0,0.6278041715982098,1.0,-3.0
26.520154489130036,27.0,72.0,62.0,4.0,0.16259681651724323,2.0,-3.0
12.860783426579635,15.0,84.0,55.0,4.0,0.7818646329513753,4.0,-4.0
0.522394883568672,2.0,54.0,53.0,3.0,0.7682511898467457,4.0,-5.0
0.5851095548520558,2.0,9.0,2.0,1.0,0.3290918355874656,5.0,-5.0
16.140858247926474,18.0,68.0,37.0,9.0,0.6920591800252158,5.0,-5.0
37.33704553974238,34.0,28.0,8.0,6.0,0.7678305113712273,1.0,-1.0
22.800904011825043,24.0,69.0,28.0,8.0,0.9327247723560509,2.0,-1.0
16.76996638042933,19.0,57.0,46.0,10.0,0.663983632263525,2.0,-2.0
45.769044400862356,48.0,94.0,44.0,9.0,0.46218442911683477,3.0,-4.0
17.15465388989564,18.0,40.0,33.0,8.0,0.38566737981922516,1.0,-3.0
0.8610651652946552,2.0,68.0,67.0,7.0,0.8322704576390108,2.0,-3.0
4.148216962421776,5.0,70.0,60.0,0.0,0.5684457157773593,5.0,-1.0
70.17668728488975,71.0,60.0,25.0,10.0,0.44656345083978566,2.0,-2.0
223.44501869782954,157.0,50.0,35.0,8.0,0.6890435360600347,1.0,-2.0
16.553646302361678,16.0,39.0,36.0,6.0,0.23754209251504965,2.0,-3.0
7.52947353310038,9.0,44.0,27.0,8.0,0.3095729001424544,3.0,-5.0
5.44020014177511,6.0,34.0,15.0,6.0,0.7487530943975036,5.0,-1.0
6.416737352803542,7.0,60.0,52.0,8.0,0.8744565854406968,2.0,-4.0
9.353697492144308,11.0,43.0,16.0,2.0,0.5006531371843512,1.0,-4.0
85.09403572239071,80.0,55.0,30.0,0.0,0.5294897703574162,2.0,-3.0
0.5581043726669749,2.0,43.0,42.0,5.0,0.7986299244892638,3.0,-3.0
1.4025243854642577,2.0,64.0,11.0,6.0,0.204999942367193,2.0,-5.0
2.7967535631681852,4.0,56.0,48.0,2.0,0.9720918786235521,3.0,-2.0
8.656535851233643,11.0,44.0,11.0,5.0,0.43068820942796715,5.0,-5.0
45.067344585384994,46.0,76.0,55.0,6.0,0.30424608290256105,1.0,-2.0
129.5110633603532,89.0,64.0,21.0,2.0,0.3088823977568437,4.0,-2.0
3.0770548077688376,4.0,27.0,5.0,1.0,0.42501391347491246,1.0,-3.0
17.296707157830976,12.0,39.0,14.0,9.0,0.8056702265052326,3.0,-5.0
107039.03665064188,126.0,95.0,86.0,9.0,0.39985612725523434,3.0,-2.0
0.6120533529154524,1.0,4.0,2.0,1.0,0.420769438391971,3.0,-5.0
8.983996576838758,10.0,57.0,37.0,10.0,0.8065451808931314,3.0,-1.0
6.097124345605923,5.0,12.0,4.0,2.0,0.46241879110651374,4.0,-1.0
37.396582745769045,39.0,80.0,35.0,5.0,0.4568268091539379,3.0,-4.0
19.244409311594854,21.0,67.0,57.0,1.0,0.3799078584081943,3.0,-1.0
57.99744159047708,59.0,50.0,32.0,0.0,0.48275050805428255,1.0,-2.0
0.9985402166844445,2.0,28.0,8.0,5.0,0.33260237463424225,1.0,-5.0
0.2708669505305868,1.0,7.0,6.0,5.0,0.9383698882725658,4.0,-1.0
5.317776092665656,1.0,5.0,3.0,1.0,0.5470121335768167,4.0,-4.0
1.7534556289129126,2.0,15.0,14.0,10.0,0.14375805876766046,2.0,-3.0
125.42108712497391,78.0,81.0,23.0,7.0,0.26748996364764055,5.0,-2.0
1.7464636828159368,3.0,45.0,7.0,4.0,0.09408104130305472,1.0,-2.0
11.100384261716961,13.0,86.0,20.0,9.0,0.2511304142648373,5.0,-3.0
7.244596274931904,9.0,45.0,34.0,3.0,0.07209485769044621,5.0,-5.0
16.083121304638535,17.0,82.0,47.0,8.0,0.6352388984332991,4.0,-1.0
24.437322752968914,21.0,30.0,29.0,9.0,0.03631594833709695,4.0,-1.0
17.790308926965146,17.0,38.0,35.0,4.0,0.2514956527481921,2.0,-3.0
16.572953853472743,18.0,81.0,17.0,3.0,0.8735237246972539,5.0,-4.0
61.41140005405948,62.0,72.0,58.0,9.0,0.7003504236540607,1.0,-5.0
4.381966827459451,6.0,97.0,87.0,0.0,0.8803467101171452,3.0,-3.0
12.123411198796981,13.0,69.0,44.0,1.0,0.1453143484544438,5.0,-5.0
115.58010196552178,108.0,99.0,16.0,10.0,0.42952917195201856,3.0,-1.0
44.04409033750895,46.0,97.0,39.0,8.0,0.32802283295654866,4.0,-3.0
8.837594632940627,10.0,64.0,24.0,7.0,0.025466554868696978,1.0,-2.0
92.72558342966003,18.0,25.0,4.0,3.0,0.8710791190220806,1.0,-5.0
6.022640524767317,7.0,49.0,30.0,5.0,0.08489968150696037,5.0,-5.0
23.345854375372546,25.0,90.0,64.0,6.0,0.5142110114174452,5.0,-3.0
17.52936757879202,3.0,18.0,6.0,4.0,0.412272250382025,4.0,-3.0
1.4011027928987714,3.0,76.0,7.0,2.0,0.0862764922971293,1.0,-4.0
13.866273158223262,8.0,25.0,15.0,8.0,0.674453473092522,3.0,-4.0
125.41640003288667,6.0,31.0,27.0,5.0,0.5039867194391554,4.0,-4.0
43.95547971138434,41.0,65.0,39.0,10.0,0.417530191370858,4.0,-4.0
6.69231936760007,8.0,32.0,21.0,1.0,0.705459411673757,4.0,-4.0
15.879119154582703,6.0,24.0,23.0,3.0,0.7657439463465359,1.0,-3.0
62.9610023812352,64.0,95.0,13.0,0.0,0.2645076607829733,2.0,-1.0
4.420606289885147,5.0,62.0,23.0,3.0,0.07928895237129618,1.0,-5.0
12.126534452194475,13.0,85.0,53.0,1.0,0.9484059007265807,3.0,-4.0
59.17107958375035,7.0,33.0,9.0,6.0,0.5507004438841414,4.0,-4.0
33.889563563499024,35.0,91.0,5.0,2.0,0.8844135993287537,3.0,-1.0
16.836354734678782,18.0,55.0,40.0,6.0,0.19611209747240244,2.0,-3.0
5.970978114699851,1.0,8.0,7.0,5.0,0.27750775050081455,4.0,-2.0
7.1584049600632635,8.0,77.0,61.0,10.0,0.7058557990982626,4.0,-2.0
48.19931461498599,51.0,53.0,28.0,2.0,0.2531132624315612,5.0,-1.0
18.640812041835417,21.0,53.0,31.0,5.0,0.6967010159448846,3.0,-3.0
28.194529273235133,29.0,57.0,52.0,8.0,0.14647118744688659,1.0,-2.0
5.599154200963663,7.0,23.0,8.0,1.0,0.10711588243618142,5.0,-2.0
37.52062925342301,38.0,72.0,67.0,2.0,0.08920655744714934,1.0,-2.0
222.59795080132355,204.0,94.0,22.0,6.0,0.23203038264458176,3.0,-1.0
8.750048579578301,9.0,20.0,13.0,5.0,0.41714387235126527,2.0,-3.0
5.399055820877091,6.0,96.0,78.0,1.0,0.9259906957640327,4.0,-5.0
12.533647324013186,13.0,49.0,43.0,0.0,0.15692348852343718,5.0,-5.0
4.848227019239456,6.0,62.0,39.0,6.0,0.9573337121910056,5.0,-1.0
35.592112559610406,36.0,77.0,43.0,1.0,0.9888169565873345,1.0,-3.0
2.3352464686433025,3.0,18.0,16.0,4.0,0.6427401080824623,3.0,-3.0
2.6151530205203453,4.0,47.0,34.0,9.0,0.9951714041200637,5.0,-1.0
11.217957227653844,11.0,37.0,28.0,9.0,0.2882858748876943,4.0,-4.0
0.716213466015852,1.0,4.0,2.0,1.0,0.9654105921626942,3.0,-3.0
1.3135496553323092,3.0,17.0,5.0,2.0,0.3395140280934942,3.0,-5.0
20.544523130882922,21.0,96.0,91.0,10.0,0.13216792327100046,3.0,-5.0
25.3479838586401,24.0,20.0,16.0,0.0,0.4562620300266833,1.0,-2.0
16.271201173310224,17.0,28.0,19.0,5.0,0.5348960280977242,1.0,-3.0
4.3414419455721145,5.0,92.0,89.0,10.0,0.8455073265530746,1.0,-1.0
10.184203658911628,11.0,90.0,47.0,0.0,0.06416830132036688,1.0,-5.0
6.294996078845068,7.0,43.0,11.0,2.0,0.14257324836764573,2.0,-2.0
0.4994485243078436,2.0,48.0,4.0,2.0,0.16593055384713806,1.0,-5.0
52.35253312859588,46.0,65.0,53.0,4.0,0.29486252125254897,4.0,-3.0
4.360450093847549,5.0,35.0,19.0,8.0,0.29546492847054306,1.0,-4.0
1065.4557594249754,329.0,74.0,7.0,0.0,0.6876279624649893,1.0,-2.0
32.67044452898724,34.0,86.0,23.0,4.0,0.704049773900175,4.0,-3.0
0.9459339927863454,3.0,17.0,16.0,6.0,0.6114312431154731,3.0,-2.0
0.8247531899181008,2.0,12.0,6.0,3.0,0.04531852124483682,4.0,-4.0
160.15235828391906,89.0,46.0,32.0,4.0,0.21748335166589394,4.0,-1.0
11.530654167085832,12.0,88.0,53.0,9.0,0.8035387194241524,5.0,-5.0
0.230511706734847,1.0,5.0,4.0,3.0,0.09454650502521211,2.0,-5.0
1.7999582738375937,2.0,37.0,33.0,8.0,0.7037122895328584,4.0,-2.0
174.67195456485203,173.0,90.0,52.0,9.0,0.8435101331460643,1.0,-4.0
177.36974327047338,121.0,63.0,31.0,6.0,0.6360828170689775,2.0,-3.0
2.753632685177561,4.0,18.0,7.0,3.0,0.8563890092848486,5.0,-2.0
6.371856671858656,8.0,70.0,10.0,0.0,0.2384331204392104,3.0,-3.0
70.79996185147175,72.0,90.0,15.0,3.0,0.343220434113932,5.0,-1.0
6.946069692184662,8.0,41.0,30.0,3.0,0.018818286299398856,2.0,-4.0
19.516684836179138,21.0,99.0,42.0,3.0,0.7920577981273541,5.0,-5.0
2.015338311287096,3.0,24.0,8.0,3.0,0.06487837104091787,5.0,-3.0
25.907185091280585,26.0,68.0,14.0,6.0,0.8855454809628007,3.0,-5.0
74.9613587855912,77.0,91.0,58.0,1.0,0.6479216467699453,1.0,-4.0
29.488804868622665,28.0,36.0,7.0,0.0,0.33057067548854346,5.0,-1.0
12.72792367985483,14.0,58.0,38.0,10.0,0.8571160676074521,2.0,-1.0
11.744652861074808,13.0,51.0,18.0,7.0,0.8299699007144603,4.0,-3.0
38.72193502824618,39.0,69.0,65.0,0.0,0.08034122034071278,2.0,-2.0
75.89351507583609,37.0,50.0,9.0,2.0,0.36289008724739624,5.0,-2.0
31.09734897685119,32.0,64.0,49.0,0.0,0.3560757459062225,1.0,-3.0
34.99584908616461,30.0,75.0,17.0,7.0,0.6285932681685762,5.0,-4.0
16.30331404482178,11.0,62.0,5.0,1.0,0.41718345669541634,5.0,-4.0
7.250778673644252,9.0,42.0,6.0,1.0,0.2620837781692489,3.0,-2.0
1.3036199121000125,3.0,97.0,3.0,1.0,0.43322631069107187,3.0,-5.0
4.790279424125516,6.0,16.0,8.0,1.0,0.38467684344541775,1.0,-3.0
50.61335323118382,52.0,100.0,47.0,1.0,0.3434609927500789,5.0,-4.0
0.32211915952063647,2.0,36.0,35.0,8.0,0.763055153831953,5.0,-3.0
9.512467611791704,11.0,43.0,36.0,7.0,0.32522823057935313,1.0,-5.0
9.155410251939248,9.0,31.0,17.0,10.0,0.5881917470061777,4.0,-2.0
16.000296044340953,17.0,67.0,54.0,6.0,0.200011101457378,1.0,-4.0
0.3504138273480561,2.0,10.0,9.0,4.0,0.8567210830291838,4.0,-4.0
117.96594699645973,119.0,68.0,50.0,2.0,0.648275728669731,1.0,-3.0
25.730922791223982,27.0,65.0,17.0,0.0,0.4678632699034162,2.0,-3.0
27.663309429119998,17.0,40.0,39.0,8.0,0.17587641797212006,3.0,-2.0
13.640986665183581,15.0,80.0,72.0,8.0,0.7172935682199398,2.0,-3.0
79.64930541189959,83.0,83.0,41.0,0.0,0.5808739118146898,2.0,-4.0
0.28405185215979045,1.0,4.0,3.0,2.0,0.07991933374341553,2.0,-4.0
1.373202404343643,2.0,52.0,49.0,9.0,0.7406677569901624,4.0,-3.0
6.43411881984524,7.0,27.0,15.0,4.0,0.9775095429019094,2.0,-4.0
60.75160385776981,61.0,62.0,33.0,7.0,0.14300693994486724,3.0,-1.0
24.966889416666238,8.0,23.0,12.0,4.0,0.5849469528097294,3.0,-5.0
5.9786915583352735,7.0,45.0,17.0,4.0,0.16512223876557486,2.0,-3.0
13.818900565553772,15.0,75.0,27.0,3.0,0.8091879421982482,5.0,-3.0
3.6307106136772225,4.0,94.0,16.0,8.0,0.2994290993677078,2.0,-4.0
13.204677464451704,14.0,35.0,11.0,6.0,0.9391792558510768,2.0,-1.0
4.505116699080099,6.0,33.0,15.0,2.0,0.3020560249810914,2.0,-5.0
96.86563865866157,94.0,40.0,20.0,2.0,0.7354905216371469,1.0,-2.0
55.35956659581879,38.0,95.0,10.0,4.0,0.6150462938663972,5.0,-4.0
41.156155793193776,37.0,28.0,8.0,2.0,0.8714885089152782,1.0,-3.0
13.913348435147054,15.0,84.0,15.0,4.0,0.994180899850272,5.0,-2.0
29.52226615590386,9.0,23.0,4.0,0.0,0.7054477538227548,3.0,-5.0
1.071885598609527,2.0,15.0,13.0,5.0,0.6951243947507675,4.0,-3.0
57.75124869575602,55.0,66.0,29.0,0.0,0.580084848456963,4.0,-4.0
29.654094263143293,13.0,16.0,4.0,0.0,0.7730222750052322,1.0,-4.0
6.289255001757016,8.0,91.0,70.0,10.0,0.9265586922834311,4.0,-5.0
13.331314105241509,14.0,60.0,30.0,2.0,0.7083901327252354,4.0,-2.0
251.67888836591172,141.0,81.0,71.0,5.0,0.3475522158981855,3.0,-2.0
20.588384967914,22.0,90.0,45.0,5.0,0.6371396791941701,4.0,-1.0
19.58323835819005,21.0,84.0,55.0,8.0,0.6961716491376074,3.0,-2.0
20.059901508830258,18.0,50.0,44.0,9.0,0.322175104366481,3.0,-4.0
0.7141425309021874,2.0,31.0,29.0,10.0,0.8500701739247641,4.0,-4.0
10.557802207299783,9.0,27.0,16.0,5.0,0.24476456150605763,5.0,-3.0
18.244208416938605,17.0,41.0,32.0,8.0,0.28075234021738915,3.0,-3.0
49.24917992287485,51.0,97.0,65.0,6.0,0.4416261687000427,4.0,-2.0
89.19966648754519,39.0,30.0,27.0,6.0,0.5881910369289994,1.0,-2.0
46.77070152309679,47.0,68.0,43.0,1.0,0.8836306661321631,1.0,-3.0
50.32351653478305,52.0,96.0,76.0,5.0,0.5127326861731715,2.0,-5.0
110.51911616970473,25.0,16.0,10.0,2.0,0.6425381108196226,1.0,-2.0
21.3691294101576,23.0,80.0,16.0,1.0,0.9991624348344474,3.0,-3.0
22.770388232500025,24.0,93.0,24.0,7.0,0.8922501515538831,4.0,-5.0
7439.03925171282,5.0,17.0,13.0,2.0,0.4283601877756408,4.0,-3.0
58.48970207882817,60.0,62.0,32.0,10.0,0.37822770049148213,3.0,-1.0
12.858179346767196,14.0,97.0,32.0,9.0,0.24225106246036832,2.0,-3.0
7.129913968995209,8.0,38.0,28.0,8.0,0.03248617755719041,3.0,-3.0
12.993533709527672,14.0,60.0,42.0,6.0,0.24771012340287257,4.0,-5.0
189.62475144118469,103.0,91.0,79.0,7.0,0.6600432474793461,2.0,-5.0
18.386478585002624,19.0,67.0,41.0,9.0,0.8046942101102407,2.0,-1.0
6.275970211971396,7.0,84.0,11.0,3.0,0.18132417260601308,2.0,-2.0
12.39991316257786,13.0,51.0,46.0,2.0,0.8508071575672336,1.0,-3.0
19.617081861243822,20.0,55.0,48.0,4.0,0.2510081169402534,3.0,-4.0
3.9985893806914525,6.0,25.0,8.0,4.0,0.4999118051908906,1.0,-3.0
0.42188081083646806,1.0,12.0,11.0,10.0,0.6740675443461333,4.0,-1.0
2.66899176705761,4.0,53.0,43.0,5.0,0.7911221959934049,5.0,-1.0
3.8994378051591676,4.0,83.0,10.0,0.0,0.243552776075324,5.0,-5.0
87.15676968406481,21.0,26.0,10.0,3.0,0.3839369907228679,3.0,-2.0
9.432406487488754,10.0,53.0,24.0,8.0,0.10124008752087554,1.0,-2.0
1.517998661253327,3.0,22.0,16.0,9.0,0.8836191839769795,5.0,-4.0
17.11050645808378,18.0,34.0,20.0,6.0,0.9636421462368318,1.0,-4.0
3.512030085408146,4.0,15.0,6.0,0.0,0.2546207098937221,5.0,-4.0
1.0338462946016331,2.0,18.0,3.0,2.0,0.016369113464141716,1.0,-1.0
4.915874286348653,6.0,23.0,22.0,4.0,0.04229911732115821,4.0,-4.0
0.42988843341699334,2.0,25.0,24.0,10.0,0.7029094378566606,5.0,-4.0
2.059374274850622,3.0,92.0,9.0,1.0,0.019220814003460207,2.0,-4.0
1.6228803938268512,2.0,28.0,24.0,4.0,0.6929506838846892,4.0,-1.0
16.81098463848959,11.0,31.0,22.0,8.0,0.5669205298911675,4.0,-4.0
85.35748157651446,86.0,47.0,20.0,6.0,0.6581583682023069,1.0,-1.0
94.87967572832046,95.0,64.0,49.0,4.0,0.3814287684518086,2.0,-2.0
3.861076895266191,5.0,86.0,77.0,9.0,0.8145506564368753,4.0,-5.0
3.379284827120404,4.0,24.0,17.0,5.0,0.07482546288620184,2.0,-4.0
13.01962709737271,14.0,75.0,46.0,8.0,0.6919340382802348,5.0,-4.0
1.9043591477937942,3.0,12.0,11.0,6.0,0.22907413886078898,2.0,-4.0
86.21720568272308,44.0,47.0,15.0,6.0,0.3951926025024114,4.0,-2.0
410.1599253939157,78.0,67.0,63.0,8.0,0.4664764908790283,2.0,-2.0
254.98400929685837,81.0,62.0,13.0,6.0,0.6384337826792527,2.0,-3.0
1.4376112262910414,2.0,85.0,6.0,4.0,0.20293443191872973,1.0,-2.0
66.22867083469424,6.0,18.0,9.0,6.0,0.6893154678745903,2.0,-4.0
10.005961192610478,11.0,44.0,22.0,7.0,0.6498361648684894,5.0,-3.0
1.3665273960416442,3.0,17.0,11.0,10.0,0.9390691337312314,5.0,-5.0
43.640442087334435,9.0,33.0,17.0,10.0,0.54582904994403,4.0,-4.0
10.90588920701996,3.0,15.0,14.0,7.0,0.419768119463677,4.0,-4.0
2.3015607072175484,4.0,31.0,20.0,4.0,0.9632275949029352,5.0,-1.0
78.46870238749557,76.0,74.0,20.0,8.0,0.28136207676222347,5.0,-1.0
0.8282649666408609,2.0,12.0,8.0,5.0,0.9715620727471896,5.0,-1.0
3.7958069528567684,5.0,73.0,9.0,3.0,0.26881204929196556,5.0,-4.0
75.42809525198574,77.0,100.0,79.0,0.0,0.4921074838756888,2.0,-4.0
21.856036415435447,23.0,74.0,45.0,3.0,0.3847917618634512,3.0,-5.0
286.70208327695616,6.0,6.0,3.0,1.0,0.4965120588292552,1.0,-1.0
19.128233596746348,19.0,56.0,19.0,4.0,0.6934313475045264,5.0,-5.0
18.00759366092241,19.0,56.0,30.0,1.0,0.6109588333895717,3.0,-1.0
1.2623858268825097,3.0,70.0,65.0,5.0,0.9943934610079452,4.0,-3.0
3.5411395396257612,5.0,77.0,61.0,2.0,0.9311885066922727,5.0,-2.0
0.5245345224106198,2.0,7.0,5.0,0.0,0.8516130527521185,5.0,-3.0
24.303930438586573,25.0,84.0,47.0,0.0,0.8805968760227387,2.0,-2.0
452.97721864443304,168.0,47.0,32.0,0.0,0.7323390676821661,1.0,-3.0
23.795070555567655,25.0,88.0,55.0,6.0,0.6266916948373611,4.0,-3.0
90.90494495887964,93.0,92.0,29.0,3.0,0.5713289854152563,1.0,-2.0
52.90488722077992,53.0,80.0,36.0,4.0,0.06585682444780805,5.0,-1.0
44.77510480363609,40.0,41.0,16.0,9.0,0.9263909975183717,1.0,-5.0
18.842373131458437,20.0,51.0,25.0,8.0,0.7932895504298498,2.0,-1.0
10.109179656201274,11.0,39.0,28.0,1.0,0.522029985965584,3.0,-1.0
2.7646547093464493,4.0,17.0,14.0,10.0,0.6950421560008827,2.0,-1.0
23.33748667947997,3.0,11.0,8.0,7.0,0.8261917473966947,1.0,-5.0
105.17258390015496,57.0,54.0,53.0,0.0,0.09921327776768274,4.0,-1.0
69.70730137538486,70.0,74.0,54.0,4.0,0.09423834130496567,2.0,-1.0
5.638902868810414,4.0,14.0,10.0,8.0,0.5484403587878599,1.0,-2.0
8.01364922835262,9.0,40.0,26.0,4.0,0.0636709826852947,1.0,-3.0
18.29904135410768,19.0,84.0,44.0,0.0,0.6976511430840702,4.0,-2.0
3.774616138404028,3.0,11.0,2.0,1.0,0.9230435516485841,3.0,-5.0
12.02813113025639,13.0,89.0,42.0,7.0,0.012879252800027552,4.0,-3.0
4.2925672375588615,6.0,50.0,12.0,4.0,0.5227189015622923,1.0,-5.0
12.624271050867241,8.0,16.0,13.0,8.0,0.5346458426562243,1.0,-2.0
15.312151615067348,16.0,70.0,24.0,2.0,0.3908081543166062,1.0,-3.0
213.26827922271414,182.0,84.0,13.0,3.0,0.8665828038363411,1.0,-4.0
18.804637945442114,19.0,79.0,61.0,9.0,0.9893026663451776,1.0,-3.0
193.30529490762288,184.0,85.0,81.0,10.0,0.31635267664569244,1.0,-1.0
22.453629560940236,23.0,100.0,47.0,8.0,0.3157717620423892,1.0,-3.0
17.770803119815984,19.0,91.0,50.0,10.0,0.9133943941894883,3.0,-5.0
17.460030506312137,19.0,73.0,56.0,0.0,0.5947304730521997,3.0,-2.0
133.63891529836815,122.0,67.0,41.0,0.0,0.5386406273824333,2.0,-3.0
26.264855892535284,30.0,84.0,59.0,6.0,0.618980283493128,4.0,-4.0
1.8142031698986172,2.0,14.0,13.0,5.0,0.758534363423023,2.0,-4.0
2.836825661293843,2.0,13.0,8.0,5.0,0.3237466592247492,3.0,-3.0
7.3995522758345595,9.0,34.0,21.0,10.0,0.12835589269624548,2.0,-2.0
21.199606646914276,22.0,65.0,30.0,4.0,0.8836580096812701,2.0,-1.0
1.0452353064836701,1.0,13.0,12.0,10.0,0.6594537283928521,3.0,-3.0
90.25002718316456,90.0,99.0,52.0,4.0,0.6458250666302727,3.0,-4.0
9.907003552046293,11.0,35.0,11.0,2.0,0.6845057312014953,4.0,-1.0
67.29937895028972,54.0,47.0,24.0,6.0,0.34650767873119426,3.0,-2.0
3.4762089332390773,5.0,61.0,51.0,3.0,0.9794495091276613,3.0,-3.0
20.112640975111763,21.0,56.0,17.0,3.0,0.7878158024921765,3.0,-2.0
5.472873820806717,6.0,55.0,49.0,1.0,0.6827193596530967,3.0,-3.0
73.32465479634588,74.0,92.0,29.0,6.0,0.6197308630363512,2.0,-1.0
61.170675525391715,24.0,82.0,5.0,3.0,0.46553901227683514,5.0,-2.0
2.0953938570325414,2.0,19.0,11.0,10.0,0.08712712515884868,5.0,-1.0
24.541739159209037,27.0,84.0,72.0,10.0,0.43612036275298527,5.0,-3.0
1.0123069118627637,3.0,23.0,10.0,9.0,0.37651966164096884,4.0,-4.0
2.6077644561315663,2.0,12.0,8.0,3.0,0.6148756516799884,5.0,-4.0
56.59684824455918,57.0,87.0,28.0,2.0,0.8632086965717763,2.0,-5.0
8.648527264592861,9.0,86.0,48.0,10.0,0.08659833324500887,2.0,-5.0
1.832057939894181,3.0,30.0,12.0,7.0,0.03385358405417038,5.0,-3.0
13.517934012667338,14.0,63.0,48.0,9.0,0.022988750152885484,2.0,-3.0
7.240741847469081,8.0,45.0,20.0,9.0,0.9087808157101671,4.0,-2.0
3.971285847589992,5.0,88.0,11.0,3.0,0.2206154573096305,5.0,-4.0
90.70234817872638,93.0,100.0,46.0,8.0,0.31907078721621307,4.0,-1.0
111.56297761047453,110.0,60.0,49.0,7.0,0.5411770078223015,1.0,-2.0
352.6566042021756,75.0,46.0,22.0,10.0,0.5170137179582216,2.0,-2.0
12.248230946166064,13.0,98.0,47.0,10.0,0.9070962911946434,5.0,-4.0
3.2287207180828865,6.0,66.0,7.0,5.0,0.37561773516059815,5.0,-4.0
10.243636341407466,11.0,73.0,52.0,0.0,0.7214361789407103,4.0,-3.0
1.9146328382947846,3.0,19.0,15.0,7.0,0.8861466752264164,3.0,-5.0
3.4926411598789238,5.0,37.0,20.0,8.0,0.15642047233916256,5.0,-5.0
24.824053224363517,26.0,75.0,54.0,2.0,0.7114884282816232,2.0,-2.0
2.5652439610173783,4.0,90.0,85.0,7.0,0.49152205897907364,5.0,-1.0
28.072506550146702,5.0,12.0,10.0,2.0,0.4287559165253967,2.0,-2.0
6.4032518960228595,8.0,86.0,19.0,4.0,0.44290671251699754,1.0,-5.0
33.415709665548405,31.0,47.0,22.0,9.0,0.26849357118695283,4.0,-2.0
13.882910348454237,15.0,67.0,17.0,1.0,0.5695007804789075,1.0,-4.0
15.47082158310586,16.0,87.0,53.0,9.0,0.1651337762912345,3.0,-4.0
0.3947031079169576,1.0,10.0,9.0,8.0,0.7905071214801321,4.0,-3.0
16.45333640329511,15.0,36.0,13.0,5.0,0.7711275385667049,3.0,-4.0
5.509973195898205,6.0,80.0,19.0,5.0,0.09183055879756241,2.0,-3.0
11.785288308906031,13.0,93.0,74.0,9.0,0.6530448704772432,3.0,-1.0
27.357191393329867,28.0,97.0,25.0,10.0,0.9474070166509165,3.0,-4.0
16.948836472870592,8.0,18.0,8.0,5.0,0.5180022005169104,3.0,-2.0
15.466988582578434,15.0,54.0,18.0,9.0,0.8141708625135942,4.0,-5.0
2.8112970971981315,4.0,17.0,4.0,0.0,0.5961948724673162,1.0,-5.0
10.574016111945749,12.0,88.0,21.0,8.0,0.252938742042344,4.0,-3.0
41.596181063134026,25.0,53.0,4.0,0.0,0.7397132509614235,3.0,-4.0
14.71686928363259,16.0,93.0,60.0,9.0,0.7070541223136936,4.0,-2.0
3.446822476741289,5.0,85.0,72.0,5.0,0.9746210729099792,4.0,-5.0
2.1212023963061326,3.0,31.0,3.0,1.0,0.009523089083593561,5.0,-1.0
31.200654856125926,27.0,61.0,15.0,0.0,0.6474328029719811,5.0,-5.0
6.474914643525726,8.0,24.0,17.0,2.0,0.2805611907435589,2.0,-4.0
9.244802021044622,10.0,48.0,34.0,1.0,0.7028729002120494,3.0,-2.0
37.166705223052034,38.0,89.0,32.0,1.0,0.8167038370025018,3.0,-5.0
286.5750046071746,285.0,99.0,79.0,7.0,0.2495856246561644,2.0,-1.0
20.383822718923245,21.0,83.0,72.0,6.0,0.15242764902258343,1.0,-4.0
4.622525564060483,5.0,55.0,40.0,6.0,0.8489958699903356,4.0,-1.0
1.2316789548442555,3.0,46.0,15.0,9.0,0.01607508734300267,3.0,-5.0
3.5327941122132986,5.0,54.0,9.0,5.0,0.3735503472352655,2.0,-3.0
105.84061090640706,62.0,71.0,25.0,3.0,0.5990175347019513,3.0,-5.0
5.2284968630046835,6.0,30.0,15.0,8.0,0.9672233432009694,3.0,-1.0
0.6902821875457354,2.0,74.0,72.0,3.0,0.8621707245392827,4.0,-4.0
23.617648040405495,24.0,51.0,24.0,10.0,0.06787048978481014,5.0,-1.0
32.36483680367325,33.0,71.0,9.0,5.0,0.983131856193777,2.0,-3.0
8.194539345466785,7.0,14.0,11.0,1.0,0.35593502994083503,2.0,-3.0
128.5002233015142,120.0,48.0,40.0,9.0,0.5311283505758146,1.0,-1.0
5.080368671271916,6.0,44.0,26.0,4.0,0.11160093477717037,1.0,-5.0
3.54734311150161,4.0,97.0,85.0,2.0,0.8765626906003087,4.0,-1.0
2.594414885778448,2.0,12.0,8.0,7.0,0.9083546908342541,2.0,-3.0
7.216850913404121,8.0,38.0,12.0,8.0,0.9503349229459148,4.0,-4.0
0.29684281529958145,1.0,2.0,1.0,0.0,0.20390171647291933,3.0,-5.0
116.84426855586831,99.0,50.0,40.0,0.0,0.13153279917897853,4.0,-1.0
1.2526592697641667,4.0,43.0,42.0,6.0,0.35966033607658787,4.0,-1.0
10.980967014948943,12.0,64.0,23.0,2.0,0.8417166373437858,5.0,-3.0
17.53643459940069,8.0,26.0,18.0,4.0,0.3557402356876247,5.0,-4.0
7.370123390231104,8.0,21.0,6.0,1.0,0.8070488160315494,3.0,-2.0
21.20165737823614,22.0,93.0,58.0,3.0,0.24058631823539212,5.0,-5.0
72.33559034467584,68.0,66.0,43.0,10.0,0.2572988394722513,4.0,-2.0
22.617576271336485,23.0,78.0,74.0,5.0,0.7256178698078751,1.0,-2.0
4.985508467034498,6.0,34.0,16.0,0.0,0.7684107053814326,5.0,-1.0
1.4578406849719978,1.0,4.0,2.0,1.0,0.7906306728430151,2.0,-1.0
29.173367082233813,30.0,45.0,21.0,3.0,0.70566703812718,2.0,-2.0
65.59090104585187,66.0,84.0,50.0,6.0,0.9197274303240933,1.0,-5.0
0.8919340897884295,2.0,27.0,24.0,8.0,0.8726954456268429,4.0,-1.0
11.17382895567249,13.0,57.0,17.0,0.0,0.27539864140036097,5.0,-4.0
9.14887218005917,10.0,62.0,47.0,3.0,0.5279092702310109,4.0,-1.0
9.577963470390488,11.0,49.0,37.0,8.0,0.6505751882870935,3.0,-2.0
5.6514374489503565,6.0,40.0,28.0,8.0,0.1623419276430753,4.0,-5.0
4.7606459862338735,5.0,17.0,15.0,10.0,0.31657412219138226,1.0,-2.0
201.11679414654057,11.0,63.0,62.0,10.0,0.4157159744909711,5.0,-4.0
4.063553540669249,5.0,75.0,65.0,1.0,0.6921800537345963,4.0,-1.0
4.717246788462891,6.0,36.0,26.0,0.0,0.7910978455685751,4.0,-5.0
11.077625423742239,12.0,63.0,46.0,5.0,0.9335178453312691,2.0,-5.0
2.0925958959562783,3.0,48.0,39.0,8.0,0.9223197962657851,5.0,-4.0
4.605823650638979,5.0,29.0,28.0,8.0,0.739038810851364,1.0,-2.0
0.7578798148390836,2.0,31.0,29.0,7.0,0.9097352115864996,3.0,-1.0
0.4658250841358422,2.0,18.0,8.0,7.0,0.14221191098832286,3.0,-3.0
30.726673420538646,30.0,67.0,56.0,8.0,0.7654278782916031,2.0,-5.0
25.3784899774216,4.0,15.0,2.0,1.0,0.35889211697198053,5.0,-2.0
116.45154371993766,92.0,89.0,34.0,3.0,0.5590374311957097,4.0,-4.0
14.091358012467186,12.0,15.0,9.0,5.0,0.808597628766311,1.0,-2.0
2.4997650325632605,3.0,94.0,7.0,4.0,0.25712674357558674,4.0,-3.0
45.228332240147765,46.0,82.0,24.0,5.0,0.7546260026696756,3.0,-4.0
0.2698591637655164,2.0,87.0,2.0,1.0,0.14381815312420143,4.0,-5.0
5.373186330762328,3.0,19.0,10.0,6.0,0.6674983789129664,5.0,-5.0
3.517331550765802,5.0,31.0,20.0,2.0,0.7659213505052237,5.0,-3.0
17.79464828436106,19.0,71.0,45.0,6.0,0.3510412275591631,3.0,-5.0
28.74097201363161,30.0,98.0,59.0,9.0,0.785649281236355,2.0,-1.0
25.297725715273874,26.0,95.0,52.0,8.0,0.8999191796127628,2.0,-1.0
10.596773250120943,2.0,17.0,10.0,9.0,0.4150902358078189,4.0,-3.0
1.1644290839329432,1.0,9.0,8.0,3.0,0.11767503792328571,1.0,-5.0
4.508513322098395,1.0,8.0,4.0,1.0,0.3705102427421879,5.0,-4.0
5.214303309336128,5.0,22.0,5.0,2.0,0.5530824344589682,3.0,-5.0
92.14361515355492,93.0,94.0,76.0,6.0,0.08010544234545591,2.0,-1.0
8.887810530856406,9.0,39.0,37.0,0.0,0.08369949638840046,5.0,-5.0
109.6875111030865,106.0,72.0,30.0,5.0,0.1286799658584885,5.0,-1.0
21.311162951880696,22.0,81.0,9.0,0.0,0.7973138840579207,5.0,-3.0
13.860109093702256,15.0,81.0,62.0,4.0,0.09059208370433713,4.0,-5.0
40.19594822129009,41.0,58.0,40.0,10.0,0.12682805944965525,1.0,-1.0
0.40298719226816976,2.0,49.0,48.0,4.0,0.8962936883287076,3.0,-2.0
6.463753182089369,7.0,63.0,54.0,6.0,0.7974599661869517,2.0,-1.0
7.954595977242928,9.0,44.0,29.0,10.0,0.983671758402547,2.0,-5.0
2.524685328602596,4.0,14.0,11.0,6.0,0.4039110345076168,1.0,-4.0
7.545243389344439,9.0,32.0,23.0,8.0,0.6385608928854436,3.0,-2.0
11.474642380172279,13.0,98.0,70.0,0.0,0.7155736882182623,5.0,-4.0
3190.8280135014306,65.0,52.0,22.0,2.0,0.28705742118494726,5.0,-2.0
42.31503019653015,43.0,72.0,10.0,4.0,0.6163001049038836,3.0,-1.0
5.834550331021195,7.0,28.0,25.0,3.0,0.35916834888223814,5.0,-2.0
10.126022323739072,11.0,22.0,7.0,0.0,0.8271106370114207,2.0,-1.0
112.91082762008459,90.0,54.0,40.0,2.0,0.7772418718957878,1.0,-5.0
6.896059873323318,8.0,36.0,25.0,10.0,0.10310560893572862,5.0,-3.0
23.45100918388531,22.0,42.0,35.0,9.0,0.14855095150257425,4.0,-2.0
22.618166915548983,24.0,89.0,52.0,1.0,0.19390837369102343,5.0,-4.0
4.096530581741863,5.0,70.0,53.0,1.0,0.905539229701906,5.0,-4.0
1.3272369002187074,2.0,10.0,6.0,3.0,0.18491625355171182,1.0,-3.0
141.91118248843776,137.0,88.0,75.0,7.0,0.38020676241363094,2.0,-2.0
33.016776828348725,34.0,100.0,22.0,9.0,0.7953044160152088,4.0,-4.0
6.115449042927122,5.0,26.0,10.0,6.0,0.7616324637436878,5.0,-5.0
6.276141740155795,7.0,63.0,27.0,10.0,0.07283237441758283,1.0,-3.0
7.214637674429429,8.0,43.0,16.0,2.0,0.8427989598787319,5.0,-3.0
17.861765120685455,20.0,58.0,42.0,2.0,0.5895768133322424,5.0,-5.0
4.349286970077718,5.0,26.0,21.0,10.0,0.6916022877006073,3.0,-3.0
8.000252257196168,9.0,48.0,29.0,1.0,0.06251379488043318,4.0,-4.0
0.41285757185939154,2.0,34.0,33.0,8.0,0.8555357029642742,3.0,-1.0
3.5193895934205055,3.0,10.0,5.0,4.0,0.8841401821126876,2.0,-3.0
6.720306861283691,8.0,82.0,20.0,3.0,0.1175884021777871,1.0,-3.0
17.283322974479564,16.0,34.0,10.0,6.0,0.3981036424094896,5.0,-1.0
3.7127924587157852,5.0,94.0,22.0,9.0,0.0712274754089941,3.0,-4.0
134.8524844259565,125.0,99.0,93.0,6.0,0.059141765944785485,5.0,-1.0
1.4034389443575184,1.0,3.0,2.0,1.0,0.6124949356903964,2.0,-5.0
1.6898925767033035,3.0,43.0,36.0,9.0,0.9046972371368011,5.0,-4.0
153.56881940765683,134.0,100.0,69.0,3.0,0.3671750366154367,4.0,-3.0
30.712394588843186,33.0,100.0,71.0,6.0,0.2354488274596619,4.0,-4.0
29.836678773072645,31.0,86.0,38.0,3.0,0.8012511635909193,3.0,-4.0
0.5283046475789838,1.0,7.0,6.0,4.0,0.04286109949430583,1.0,-4.0
34.263175609785876,37.0,55.0,49.0,3.0,0.39170503894455466,2.0,-1.0
3.3901352148153103,1.0,10.0,9.0,8.0,0.45899469706281193,3.0,-2.0
65.43791178153165,67.0,86.0,45.0,0.0,0.21872087404460794,4.0,-2.0
1.9404819339812147,3.0,26.0,24.0,10.0,0.6061343591997967,3.0,-2.0
111.64334368408808,46.0,52.0,34.0,6.0,0.5356001927003365,3.0,-4.0
49.59445621894507,49.0,73.0,67.0,7.0,0.19754684003834277,2.0,-2.0
0.7591672299172241,1.0,11.0,8.0,5.0,0.006037688111368844,4.0,-4.0
0.8363719980314378,2.0,21.0,14.0,10.0,0.036239853116641796,1.0,-5.0
19.451511472818012,20.0,88.0,6.0,4.0,0.8692684508912385,5.0,-1.0
10.255711255343458,11.0,60.0,34.0,6.0,0.6478818255180694,5.0,-2.0
71.31742184891641,69.0,87.0,46.0,2.0,0.69686182376106,3.0,-5.0
64.0601390997115,65.0,86.0,38.0,8.0,0.9582159844238619,1.0,-5.0
11.935574218776472,11.0,58.0,8.0,6.0,0.8986446848252848,5.0,-3.0
34.68042697224539,31.0,40.0,24.0,4.0,0.40388430523070007,3.0,-3.0
12.110677225324308,13.0,83.0,43.0,8.0,0.1585697438854976,3.0,-4.0
309.298897746193,164.0,76.0,62.0,3.0,0.36184920125488795,3.0,-2.0
6.662355300904028,6.0,36.0,13.0,8.0,0.8452232575599666,5.0,-5.0
9.705499374406386,11.0,83.0,68.0,9.0,0.6493593612879979,4.0,-3.0
9.742062228871099,11.0,53.0,27.0,0.0,0.3183589827039741,2.0,-5.0
24.330857937654955,26.0,75.0,27.0,4.0,0.5136745890862657,1.0,-3.0
21.23595692162925,23.0,84.0,52.0,6.0,0.4723104373574043,1.0,-5.0
4.308234543201674,1.0,9.0,8.0,7.0,0.47023484884256217,5.0,-4.0
39.970859255383616,41.0,69.0,65.0,10.0,0.20799918553504593,1.0,-2.0
15.643467012417709,17.0,73.0,62.0,4.0,0.18462599888265652,2.0,-5.0
49.96892438024683,52.0,87.0,50.0,0.0,0.43511505129889505,3.0,-1.0
18.841902268401633,20.0,74.0,36.0,4.0,0.41270721007782185,3.0,-5.0
22.818143228927536,23.0,71.0,49.0,7.0,0.9928290113641645,1.0,-4.0
5.010111376970353,6.0,36.0,30.0,10.0,0.7993945417850291,2.0,-2.0
10.535466811288053,12.0,81.0,39.0,0.0,0.9977557196769516,4.0,-2.0
30.047205988258664,31.0,69.0,14.0,5.0,0.9434843517174494,2.0,-1.0
37.41928258547601,39.0,73.0,60.0,5.0,0.5060339151379252,1.0,-4.0
10.763047761926122,13.0,79.0,17.0,6.0,0.5682835217666546,2.0,-5.0
94.21636599625536,45.0,65.0,43.0,2.0,0.5815005643509659,4.0,-5.0
60.433934307001486,64.0,75.0,34.0,2.0,0.7450826941106699,1.0,-5.0
0.42687267327388256,1.0,3.0,2.0,1.0,0.5571031530044392,5.0,-1.0
1.529304100039406,3.0,45.0,9.0,6.0,0.22648038266971682,5.0,-4.0
112.40266309069877,72.0,91.0,85.0,3.0,0.5450799863258379,2.0,-4.0
9.729959349266759,11.0,73.0,37.0,2.0,0.783318780475565,5.0,-1.0
32.52161455510609,33.0,63.0,37.0,9.0,0.9598936606049766,1.0,-4.0
8.036704203186902,8.0,30.0,21.0,5.0,0.7314088634995978,3.0,-4.0
2.1727310458680424,1.0,14.0,10.0,6.0,0.23988877921857132,5.0,-4.0
1.6891248224901274,3.0,21.0,15.0,1.0,0.9502372616025124,4.0,-5.0
10.024832551621897,11.0,48.0,31.0,10.0,0.21168910201672198,5.0,-4.0
16.686800291509194,18.0,49.0,20.0,3.0,0.4563167642826066,5.0,-1.0
2.674253034227534,4.0,49.0,41.0,5.0,0.799148954777603,5.0,-5.0
29.540680996659667,32.0,77.0,30.0,0.0,0.49805641327550865,3.0,-5.0
83.39362321335798,79.0,70.0,63.0,8.0,0.335119287660384,2.0,-2.0
9.322196718104053,10.0,34.0,22.0,3.0,0.5478750406667482,4.0,-2.0
7.219770893730118,8.0,23.0,7.0,2.0,0.6023052578321508,5.0,-2.0
18.76658743152215,20.0,99.0,87.0,8.0,0.11291296461052702,2.0,-5.0
10.537069914629289,12.0,92.0,40.0,9.0,0.15114366637892762,3.0,-4.0
30.767001347763845,31.0,99.0,34.0,1.0,0.7112653074808807,5.0,-5.0
7.849467854705783,9.0,28.0,7.0,0.0,0.6125567658154565,5.0,-1.0
7.1237160273394675,8.0,43.0,15.0,9.0,0.07887147824442042,1.0,-1.0
53.917498982708906,36.0,40.0,18.0,4.0,0.40133846591269406,4.0,-2.0
543.1142096653257,148.0,68.0,63.0,6.0,0.2237624246495391,3.0,-1.0
20.214935515329408,21.0,78.0,19.0,6.0,0.7837268187698058,4.0,-1.0
66.25043567861869,67.0,78.0,57.0,4.0,0.10000263049511582,1.0,-1.0
14.219623678916676,15.0,46.0,30.0,3.0,0.016869262158783593,4.0,-2.0
164.57185039674482,161.0,79.0,56.0,7.0,0.7849391465559759,1.0,-3.0
91.44948298004668,93.0,73.0,60.0,2.0,0.4552566870438003,1.0,-2.0
1.5300996674428033,2.0,15.0,12.0,9.0,0.43419191537150137,2.0,-5.0
113.09006916925685,40.0,40.0,4.0,2.0,0.8863883897505336,1.0,-5.0
22.74800295565745,23.0,71.0,21.0,10.0,0.08607351143862141,5.0,-1.0
24.31726413545569,25.0,63.0,49.0,5.0,0.04764648116966852,2.0,-2.0
189.48925730066233,55.0,45.0,37.0,5.0,0.3662249982338306,3.0,-2.0
8.774208359859228,9.0,39.0,29.0,5.0,0.856617326408397,2.0,-4.0
7.094346077682966,6.0,13.0,8.0,7.0,0.9015955309223282,1.0,-2.0
2.462155559401033,3.0,32.0,12.0,6.0,0.11262218367229271,2.0,-3.0
3.057027070794401,4.0,39.0,6.0,2.0,0.23051307611738425,1.0,-2.0
9.0214900073075,10.0,58.0,32.0,3.0,0.9705018233944651,3.0,-1.0
1.6726419633598424,3.0,20.0,12.0,8.0,0.4347622815061205,1.0,-5.0
12.566208591850016,7.0,18.0,9.0,8.0,0.6790516195520794,2.0,-2.0
14.613731448917626,16.0,52.0,24.0,7.0,0.4860010326346622,5.0,-1.0
101.84816792678406,25.0,89.0,7.0,4.0,0.5805120029836448,5.0,-5.0
16.09505393334725,17.0,75.0,45.0,5.0,0.8106544420854986,3.0,-3.0
3.191220221531638,5.0,36.0,12.0,8.0,0.6244268272362087,1.0,-5.0
5.1891976492947975,6.0,96.0,74.0,9.0,0.9155084912680684,5.0,-4.0
1.7628623343995675,3.0,9.0,7.0,2.0,0.19395060876917503,2.0,-4.0
4.893183901530755,5.0,21.0,20.0,8.0,0.13690225824917446,1.0,-3.0
413.1909073288194,75.0,88.0,77.0,0.0,0.6017056829439367,3.0,-5.0
17.067265421920105,18.0,90.0,56.0,0.0,0.10269501615583798,3.0,-4.0
5660.518367567955,443.0,94.0,76.0,7.0,0.746952575916221,1.0,-3.0
3.2476028313542704,3.0,17.0,12.0,9.0,0.8174496413064682,3.0,-5.0
103.51962887202306,104.0,51.0,22.0,5.0,0.4267133692936357,2.0,-1.0
6.6639317858055005,7.0,26.0,22.0,5.0,0.056119184844245606,5.0,-3.0
32.21954444850765,33.0,99.0,20.0,0.0,0.5753213168808948,5.0,-1.0
20.6523672259491,22.0,84.0,19.0,5.0,0.4644223216948282,2.0,-3.0
19.71481345248112,9.0,26.0,19.0,8.0,0.3488634173738483,4.0,-3.0
3.83117060904299,5.0,57.0,43.0,9.0,0.9423725987280399,4.0,-2.0
2.24232794971503,2.0,9.0,8.0,6.0,0.036023269142503866,2.0,-1.0
25.622566668374468,17.0,43.0,5.0,3.0,0.7832953800442684,3.0,-4.0
2.0344605311139095,3.0,18.0,11.0,5.0,0.010163047329812325,2.0,-3.0
101.69452206186429,102.0,56.0,47.0,10.0,0.31808262996952963,1.0,-1.0
10.794558905439093,12.0,96.0,20.0,2.0,0.11083107833366324,1.0,-2.0
24.928684757296338,26.0,89.0,32.0,10.0,0.7144204260737339,4.0,-2.0
2.7692344607224264,4.0,78.0,69.0,1.0,0.8928565239471643,4.0,-3.0
26.970036942074277,25.0,82.0,77.0,8.0,0.4550558459202013,4.0,-3.0
19.67256426889238,21.0,89.0,17.0,6.0,0.7766532365911188,5.0,-1.0
24.617749134305605,26.0,77.0,34.0,1.0,0.6746707213783333,5.0,-5.0
7.489077460209763,7.0,18.0,11.0,1.0,0.38067457854205433,3.0,-4.0
15.487718426022711,16.0,52.0,21.0,10.0,0.07243995375203838,3.0,-1.0
15.197033579671482,15.0,63.0,62.0,8.0,0.05583436960820898,4.0,-4.0
13.45885785900776,10.0,29.0,7.0,1.0,0.5793264018989157,5.0,-3.0
13.040728913871597,14.0,92.0,50.0,10.0,0.24158584937829408,3.0,-5.0
0.9323022608851149,2.0,90.0,87.0,10.0,0.7029734214366347,5.0,-1.0
8.326664031794907,9.0,94.0,16.0,6.0,0.1997597128389127,2.0,-2.0
155.4794790554845,157.0,84.0,39.0,6.0,0.2578854525026306,4.0,-1.0
7.866735388122023,9.0,39.0,20.0,1.0,0.22639526595041692,3.0,-4.0
0.7735836042758415,3.0,21.0,20.0,9.0,0.6615856376855526,4.0,-4.0
84.59346426343737,87.0,80.0,24.0,3.0,0.2769982793343766,5.0,-1.0
11.377279911958684,13.0,62.0,57.0,1.0,0.4798241184387283,2.0,-1.0
3.8668544903152045,5.0,73.0,70.0,3.0,0.5919414610776192,2.0,-1.0
0.6241701806158438,2.0,17.0,14.0,5.0,0.9723402122341561,5.0,-2.0
96.99703020213961,93.0,99.0,8.0,0.0,0.7876346106893336,2.0,-3.0
7.60379822065327,9.0,55.0,17.0,4.0,0.1843325885534851,4.0,-3.0
111.42991938987947,74.0,46.0,16.0,6.0,0.2538455024723364,4.0,-1.0
15.437770576426333,17.0,70.0,58.0,9.0,0.13766109385829317,2.0,-4.0
23.57984211989827,25.0,83.0,49.0,10.0,0.336511226393145,1.0,-3.0
1.6984408942966045,3.0,36.0,29.0,1.0,0.9121426905997216,5.0,-5.0
2.2005055746899536,3.0,26.0,20.0,3.0,0.9316615314466299,3.0,-1.0
5.2406432718229,6.0,67.0,65.0,6.0,0.46054417980538753,2.0,-1.0
12.38568589270448,14.0,71.0,31.0,9.0,0.5372926700684562,1.0,-5.0
2.99263992543475,5.0,16.0,13.0,0.0,0.5004098986596358,4.0,-2.0
5.449543587269996,7.0,41.0,29.0,8.0,0.16378089641290594,2.0,-5.0
7.925654772624019,9.0,48.0,24.0,7.0,0.7183058540997833,5.0,-2.0
43.64621691306228,35.0,41.0,7.0,6.0,0.9557981534469467,1.0,-4.0
4.590420567388888,5.0,44.0,36.0,3.0,0.6237932843900089,4.0,-2.0
3.595673275181887,5.0,18.0,11.0,2.0,0.8683480277642128,3.0,-5.0
9.030703331170882,10.0,43.0,13.0,0.0,0.9246667101461192,4.0,-5.0
0.44241028424475637,2.0,100.0,98.0,9.0,0.9467433966525296,5.0,-4.0
9.971784827236416,9.0,35.0,11.0,10.0,0.9011318003046564,3.0,-3.0
59.31662732821248,60.0,95.0,49.0,1.0,0.2976958478505318,2.0,-2.0
70.14549804340199,70.0,92.0,28.0,5.0,0.7017698962160877,3.0,-4.0
12.68634114787727,13.0,35.0,15.0,5.0,0.10587533145152572,1.0,-1.0
3.945526730241339,5.0,27.0,17.0,5.0,0.7906451201832063,4.0,-3.0
6.937044450105271,8.0,54.0,28.0,2.0,0.03600087725697798,3.0,-4.0
52.92940878384158,53.0,52.0,26.0,4.0,0.2921760274156301,1.0,-1.0
4.720059492030505,6.0,79.0,26.0,7.0,0.1624378346614701,1.0,-5.0
6.497015812591929,7.0,30.0,25.0,2.0,0.1824891484136556,3.0,-5.0
13.776772595732613,13.0,39.0,30.0,9.0,0.3536707490392219,3.0,-4.0
4.944062384872206,6.0,53.0,38.0,0.0,0.7542427874164992,5.0,-3.0
93.26611843194567,98.0,93.0,84.0,6.0,0.2741245163605879,3.0,-1.0
61.29146581046166,62.0,78.0,22.0,4.0,0.9712223893898212,1.0,-2.0
12.677283830176144,1.0,7.0,6.0,4.0,0.640372916538592,2.0,-4.0
534.4838509902801,410.0,75.0,54.0,9.0,0.3052688745621126,2.0,-1.0
21.2321897659476,22.0,80.0,20.0,2.0,0.35870510611150286,3.0,-3.0
264.27827814109224,260.0,99.0,87.0,4.0,0.2286457030775616,2.0,-1.0
8.594061832308407,10.0,77.0,44.0,10.0,0.006254274115166436,3.0,-4.0
89.35130825759762,47.0,100.0,9.0,5.0,0.7523064739825203,3.0,-5.0
47.05205960955037,36.0,60.0,56.0,5.0,0.15268236777443744,4.0,-2.0
9.331121190477717,10.0,86.0,46.0,10.0,0.01774284052893993,4.0,-4.0
88.40184347722423,16.0,23.0,20.0,6.0,0.1683264523694985,4.0,-1.0
160.43355865007308,38.0,60.0,44.0,0.0,0.4725743165144334,5.0,-5.0
97.07438445607346,97.0,83.0,53.0,9.0,0.09112322259103933,5.0,-1.0
40.41189484324768,40.0,57.0,50.0,1.0,0.3574971419179208,2.0,-3.0
0.25099261662777955,2.0,12.0,11.0,6.0,0.8548829918559453,5.0,-2.0
23.13303694157622,24.0,64.0,38.0,3.0,0.06957318791429601,5.0,-2.0
6.454350718323934,4.0,15.0,12.0,0.0,0.4960891950755185,5.0,-4.0
28.285514671291185,29.0,82.0,50.0,6.0,0.11110836667346846,2.0,-2.0
3.4522681557801937,4.0,38.0,20.0,10.0,0.21033536362878347,5.0,-5.0
8.40249817321118,9.0,97.0,87.0,10.0,0.838024449249676,2.0,-3.0
3.5636949254572503,4.0,80.0,74.0,10.0,0.7367291603520272,3.0,-2.0
20.59182856987912,20.0,62.0,10.0,6.0,0.7542122580609756,4.0,-2.0
22.229488032072986,23.0,79.0,52.0,2.0,0.15014708455849846,2.0,-3.0
15.329807161353964,17.0,79.0,26.0,2.0,0.49063179662817413,2.0,-5.0
5.785946899873357,7.0,46.0,26.0,3.0,0.0049702357101333305,1.0,-4.0
35.36055999610434,36.0,70.0,48.0,6.0,0.4527702615655116,5.0,-3.0
54.355195259900505,44.0,39.0,14.0,2.0,0.49198752715526817,3.0,-2.0
7.960380668447493,8.0,83.0,18.0,0.0,0.12313360064662737,3.0,-3.0
14.13477690310869,14.0,50.0,39.0,4.0,0.2523837819307755,5.0,-5.0
25.847574508530922,27.0,52.0,12.0,3.0,0.8491779952350798,2.0,-1.0
3.3379454281853596,4.0,40.0,32.0,10.0,0.5661139799974262,5.0,-1.0
95.51424753918405,59.0,38.0,28.0,4.0,0.7497457172760448,1.0,-4.0
1.9662398616840429,2.0,17.0,13.0,0.0,0.7542924745568735,4.0,-4.0
413.4674651335866,2.0,10.0,9.0,7.0,0.24879071500864414,3.0,-1.0
151.48183789766563,143.0,91.0,54.0,1.0,0.44168717876726094,3.0,-3.0
57.46111650288543,14.0,33.0,9.0,3.0,0.41365450893413236,4.0,-3.0
144.86152807059753,123.0,95.0,62.0,5.0,0.5152172553440914,3.0,-4.0
27.531480991947316,28.0,81.0,10.0,4.0,0.1303446104615359,5.0,-1.0
9.592527306473372,10.0,33.0,12.0,2.0,0.31917395417953265,1.0,-2.0
44.62866152544415,44.0,82.0,76.0,7.0,0.5756513951590616,1.0,-5.0
6.571158386490351,6.0,33.0,11.0,10.0,0.7246606231363462,5.0,-1.0
43.60203549441388,45.0,87.0,49.0,5.0,0.33029093327812564,1.0,-2.0
3.6425107634099523,5.0,33.0,23.0,9.0,0.9681698850574726,3.0,-5.0
6.987743044069549,8.0,69.0,54.0,1.0,0.5244359756171058,5.0,-1.0
161.19956889306275,98.0,57.0,6.0,0.0,0.886063002887467,1.0,-5.0
0.6090539455084413,1.0,15.0,12.0,10.0,0.9893817222886518,5.0,-2.0
16.865044382006342,18.0,62.0,43.0,10.0,0.1304112573577899,5.0,-3.0
0.8734426681097487,2.0,46.0,9.0,8.0,0.1221578806141026,5.0,-2.0
31.862980155609396,32.0,67.0,28.0,7.0,0.6529988712980374,4.0,-4.0
35.56010735481554,7.0,24.0,10.0,9.0,0.7322832664719356,2.0,-4.0
7.026026806320755,6.0,21.0,18.0,5.0,0.16424809073956403,4.0,-3.0
10.4349664729181,11.0,30.0,7.0,2.0,0.840825565845218,3.0,-2.0
25.80931585557912,27.0,59.0,10.0,1.0,0.8164232137095297,3.0,-3.0
56.535693001147784,55.0,93.0,55.0,8.0,0.6302379729469282,4.0,-5.0
66.52541053387853,66.0,66.0,32.0,9.0,0.5308534894699009,2.0,-3.0
1.741495821320501,2.0,8.0,5.0,3.0,0.5502231410562012,2.0,-5.0
2.7035286942014456,4.0,61.0,19.0,9.0,0.05018840614686926,2.0,-4.0
4.779598535118214,6.0,77.0,64.0,10.0,0.8577659679639105,4.0,-5.0
404.5654449560435,34.0,51.0,25.0,2.0,0.4515851652472376,5.0,-4.0
6.671217445955811,8.0,54.0,32.0,1.0,0.8595497801780309,4.0,-1.0
10.609720289911122,12.0,78.0,49.0,4.0,0.966667819786639,3.0,-5.0
37.87195140597938,39.0,76.0,49.0,5.0,0.40545575903417574,3.0,-4.0
20.760701501807812,22.0,84.0,25.0,10.0,0.5693702655147055,1.0,-3.0
83.36777411813367,84.0,93.0,45.0,9.0,0.14204461681744274,3.0,-1.0
4.891299946987288,6.0,69.0,47.0,9.0,0.937222728069215,5.0,-3.0
82.93236299089928,84.0,87.0,37.0,0.0,0.5179511002877519,1.0,-2.0
15.739641731617658,1.0,4.0,2.0,0.0,0.31215538411332433,4.0,-2.0
44.29402277446925,45.0,44.0,30.0,8.0,0.2516594946453967,1.0,-1.0
25.1929956515676,26.0,93.0,68.0,8.0,0.0772982060677122,5.0,-3.0
6.03312327070442,7.0,37.0,15.0,0.0,0.30274511801087,1.0,-4.0
18.182952948926626,19.0,74.0,29.0,10.0,0.8687113848668958,3.0,-1.0
5.273331077732717,6.0,40.0,28.0,4.0,0.05609963023792197,3.0,-5.0
20.516506694675495,22.0,47.0,29.0,2.0,0.4693355850958708,3.0,-1.0
1.7649292257834943,3.0,16.0,15.0,10.0,0.14587815144681082,4.0,-4.0
21.142257047151507,22.0,61.0,33.0,5.0,0.2972931207152558,5.0,-4.0
38.81704209689051,40.0,95.0,55.0,1.0,0.2029528176033989,1.0,-2.0
23.311837227279632,24.0,86.0,64.0,5.0,0.05863711842626729,5.0,-3.0
6.905071383439195,8.0,16.0,13.0,4.0,0.17415253585990487,2.0,-2.0
27.926442677324182,29.0,86.0,30.0,1.0,0.7513169833968066,3.0,-1.0
22.206875509583845,24.0,87.0,44.0,5.0,0.5406311926294424,1.0,-5.0
14.12729268743358,10.0,25.0,24.0,6.0,0.10369578943750846,5.0,-2.0
1.274829879176962,3.0,16.0,8.0,6.0,0.5718605370191024,1.0,-5.0
60.63531115098627,61.0,97.0,72.0,6.0,0.31858755581200515,3.0,-3.0
1.4131874938663203,2.0,16.0,14.0,2.0,0.8538100939685341,2.0,-2.0
22.356292022929928,23.0,78.0,26.0,6.0,0.6651934224751201,4.0,-1.0
198.7487861288484,103.0,72.0,9.0,7.0,0.7723276893527914,1.0,-2.0
56.87022916453384,60.0,81.0,23.0,4.0,0.7331812082380388,1.0,-4.0
30.56351918719171,32.0,58.0,29.0,8.0,0.6161294783619005,2.0,-5.0
1.6911497438021181,3.0,74.0,11.0,6.0,0.007238589375417215,3.0,-3.0
63.013353711165195,64.0,75.0,39.0,0.0,0.42855124583331305,4.0,-2.0
7.111944393597285,8.0,79.0,23.0,2.0,0.005902625959333219,5.0,-3.0
22.592219325088774,24.0,67.0,8.0,0.0,0.922303711300113,3.0,-2.0
10.2636898567248,11.0,46.0,25.0,3.0,0.6092095590016438,4.0,-1.0
31.973089209564257,35.0,71.0,33.0,0.0,0.3709852534747856,4.0,-4.0
0.48984626394268077,2.0,16.0,12.0,10.0,0.1146357931000701,3.0,-5.0
4.616002300026769,6.0,30.0,16.0,2.0,0.32784542806955086,1.0,-5.0
44.21408554618077,45.0,96.0,31.0,9.0,0.6940239482375306,3.0,-2.0
320.28277794292165,311.0,99.0,22.0,8.0,0.7468041839928115,1.0,-2.0
40.80270171779824,43.0,79.0,48.0,2.0,0.6899384029420638,2.0,-2.0
8.990432811233939,10.0,45.0,20.0,4.0,0.6829619651548033,5.0,-2.0
1.3035561991228268,1.0,12.0,11.0,8.0,0.1164338750132492,3.0,-3.0
4.804515856435443,5.0,89.0,10.0,2.0,0.0558166442069169,4.0,-2.0
1.6588535880566788,2.0,8.0,5.0,4.0,0.9680796446412583,2.0,-4.0
78.0942917042103,79.0,85.0,80.0,7.0,0.021744191511057887,2.0,-1.0
18.46768413170668,16.0,47.0,6.0,4.0,0.8440188570217982,3.0,-2.0
1.2958330527353958,2.0,48.0,45.0,8.0,0.5525188402507111,5.0,-1.0
12.327865650918369,14.0,63.0,20.0,1.0,0.4097960325816201,2.0,-4.0
6.1314313508274765,7.0,68.0,12.0,0.0,0.14898162054815844,4.0,-3.0
1.660328647642839,2.0,60.0,56.0,0.0,0.6818323174365246,4.0,-1.0
1.8942331145303963,3.0,26.0,17.0,9.0,0.9723625725402635,5.0,-4.0
45.562565585803114,34.0,60.0,36.0,5.0,0.6140831347728588,4.0,-5.0
10.593022569536764,12.0,68.0,42.0,0.0,0.8068057278898183,4.0,-4.0
9.17371256923181,10.0,93.0,14.0,5.0,0.009467953564101905,1.0,-1.0
13.346878883541722,15.0,69.0,44.0,0.0,0.5746194180397929,4.0,-1.0
6.96955286244438,8.0,85.0,70.0,3.0,0.8940273016083266,3.0,-5.0
9.418636779546011,10.0,52.0,27.0,9.0,0.27222385199390764,1.0,-3.0
10.595034772820595,12.0,83.0,52.0,9.0,0.9851797689144766,3.0,-2.0
2.718675697411986,4.0,65.0,16.0,10.0,0.4655071888057094,1.0,-5.0
20.701805714946037,20.0,84.0,81.0,9.0,0.06525531521618477,4.0,-4.0
18.102317062997,19.0,93.0,87.0,8.0,0.8328623205957515,1.0,-3.0
15.943706276514371,17.0,58.0,11.0,10.0,0.9869679167577338,3.0,-1.0
12.27357585923561,13.0,61.0,13.0,1.0,0.8638550874507469,5.0,-3.0
7.603899349859752,9.0,61.0,37.0,10.0,0.24153170722645978,1.0,-5.0
6.518005423940447,4.0,20.0,6.0,5.0,0.7942107045436255,4.0,-5.0
9.905446338768552,12.0,40.0,19.0,10.0,0.6819014898101186,1.0,-5.0
5.616370656485813,7.0,96.0,30.0,8.0,0.010359951613185259,4.0,-4.0
49.01725896323236,52.0,66.0,37.0,4.0,0.43193805819073094,4.0,-2.0
11.393277778479087,13.0,39.0,16.0,8.0,0.5031223739587479,5.0,-1.0
5.580164965461083,6.0,83.0,58.0,6.0,0.9422393653779787,5.0,-4.0
141.3761157464776,134.0,91.0,74.0,2.0,0.4981440399322983,2.0,-3.0
9.131875855239935,10.0,46.0,23.0,10.0,0.7531083493431863,4.0,-2.0
8.593174751868329,10.0,44.0,11.0,3.0,0.9800321323737937,4.0,-4.0
7.550058831588897,9.0,41.0,25.0,10.0,0.0044201714366740585,1.0,-2.0
28.562363792330192,30.0,86.0,27.0,6.0,0.8832069206043933,3.0,-5.0
31.272721578730472,31.0,49.0,28.0,6.0,0.5494185833031618,2.0,-4.0
1.9914505293636253,3.0,86.0,13.0,7.0,0.2838743912302729,2.0,-5.0
6.507696631697656,7.0,38.0,15.0,10.0,0.07722633250162969,2.0,-1.0
5.7813607371674935,7.0,88.0,21.0,4.0,0.1765859638455709,2.0,-4.0
1.2637676579465162,2.0,51.0,5.0,1.0,0.1669722476519836,1.0,-4.0
63.773315395617274,55.0,56.0,44.0,3.0,0.6376332951346754,2.0,-3.0
12.223316467790285,13.0,61.0,17.0,8.0,0.8599677723794896,5.0,-5.0
9.961722860790283,11.0,52.0,12.0,8.0,0.859338526635237,5.0,-2.0
11.730305010689959,13.0,66.0,40.0,6.0,0.8432962310239318,3.0,-2.0
6.371111633159019,7.0,99.0,15.0,2.0,0.19190795112299275,2.0,-3.0
8084.792576073442,35.0,55.0,44.0,2.0,0.6243506326908699,3.0,-5.0
41.47164253949169,38.0,50.0,43.0,6.0,0.6846373500287316,1.0,-5.0
361.32748263988987,344.0,78.0,55.0,3.0,0.6186954102133947,1.0,-2.0
2.932225041173563,4.0,97.0,83.0,8.0,0.962421869821014,5.0,-1.0
17.35228253155658,18.0,48.0,9.0,4.0,0.8925061334897275,3.0,-4.0
0.39791180611797256,2.0,40.0,3.0,2.0,0.16520892189207015,5.0,-4.0
7.701779541543202,9.0,32.0,25.0,6.0,0.3066075340766512,1.0,-4.0
18.504723950327687,11.0,29.0,26.0,10.0,0.18922598680793734,4.0,-2.0
15.46872825121373,16.0,97.0,59.0,2.0,0.9320711388072448,3.0,-5.0
104.59099859177226,101.0,72.0,51.0,4.0,0.31012610906710036,3.0,-2.0
15.145037241317084,16.0,78.0,77.0,6.0,0.04457081155926379,2.0,-5.0
19.856085728743654,20.0,40.0,17.0,9.0,0.19903361771484152,2.0,-1.0
4.980780239142719,6.0,43.0,9.0,6.0,0.4658949096352587,1.0,-2.0
9.51829074550849,10.0,69.0,26.0,4.0,0.17216516105106894,1.0,-3.0
60.66754208311348,60.0,88.0,50.0,9.0,0.29052319701729734,5.0,-3.0
85.48881923009009,88.0,90.0,48.0,9.0,0.29825846321952,4.0,-1.0
33.13477558160085,33.0,37.0,22.0,0.0,0.05600749960405038,5.0,-1.0
0.41053239261186814,2.0,10.0,8.0,7.0,0.3128277241959635,1.0,-4.0
344.3107787927811,192.0,47.0,37.0,1.0,0.6318144321764358,1.0,-2.0
7.9057502336934045,10.0,67.0,54.0,2.0,0.705546589756205,4.0,-4.0
2.1934120514106725,4.0,55.0,54.0,10.0,0.7794158127390649,2.0,-5.0
17.999939148312563,21.0,74.0,49.0,4.0,0.6736116980313769,4.0,-4.0
149.66406106912356,138.0,80.0,65.0,10.0,0.7265020612068013,1.0,-4.0
2.2704227148888076,3.0,18.0,11.0,8.0,0.8981251452083215,4.0,-5.0
3.5615715456964274,5.0,27.0,17.0,8.0,0.2946051267241835,1.0,-4.0
65.16143314180745,66.0,91.0,65.0,1.0,0.16963732248204721,4.0,-2.0
20.332499576463636,23.0,70.0,16.0,9.0,0.2759539313429765,4.0,-2.0
2.6573253572060884,2.0,17.0,16.0,10.0,0.1060129376367479,4.0,-3.0
4.174086288981316,5.0,14.0,10.0,5.0,0.2005332632198502,2.0,-2.0
1.1777873566151307,2.0,16.0,13.0,0.0,0.7547149095420558,5.0,-5.0
1.729804538746173,1.0,12.0,11.0,9.0,0.5086777775305332,5.0,-4.0
7.436564265936723,8.0,25.0,13.0,4.0,0.5413948147067896,2.0,-5.0
18.978353597933683,24.0,54.0,6.0,1.0,0.7894236586066455,1.0,-5.0
19.787243504802458,7.0,23.0,20.0,9.0,0.5740143812238573,2.0,-4.0
307.6036575625003,14.0,43.0,8.0,4.0,0.38922284778623306,5.0,-3.0
10.60479273624502,12.0,51.0,21.0,3.0,0.2558504709701296,5.0,-4.0
450.97288404870864,244.0,87.0,17.0,6.0,0.5388049938676798,2.0,-2.0
92.60321854116572,79.0,74.0,62.0,7.0,0.23434469329387586,4.0,-2.0
8.871018658983568,9.0,21.0,16.0,2.0,0.10545681002986118,2.0,-2.0
4.1936696392206345,6.0,50.0,11.0,8.0,0.6569272137250406,1.0,-4.0
27.43971836650378,28.0,88.0,20.0,3.0,0.09511502839664487,3.0,-1.0
0.33752045436052314,1.0,11.0,10.0,7.0,0.8518262002794262,4.0,-3.0
2.823237307329563,4.0,22.0,8.0,7.0,0.9958846344107818,5.0,-5.0
13.932705453917185,15.0,33.0,18.0,5.0,0.6922011796778671,2.0,-1.0
44.69356367546485,45.0,88.0,27.0,7.0,0.2762541364431488,1.0,-1.0
12.480447041971795,13.0,42.0,22.0,5.0,0.2047336631569674,5.0,-3.0
22.099977976275138,23.0,65.0,53.0,9.0,0.002261947418736532,2.0,-2.0
16.059231536674574,18.0,99.0,62.0,9.0,0.7303970766938808,5.0,-5.0
5.594586387183662,8.0,38.0,33.0,4.0,0.3787442235749271,4.0,-1.0
1.7293994556812409,3.0,33.0,10.0,2.0,0.037411673530991174,5.0,-5.0
29.553395092202027,16.0,30.0,7.0,5.0,0.755650475542614,2.0,-3.0
16.330708961625472,18.0,70.0,47.0,5.0,0.6297699370645493,4.0,-3.0
12.977954441392594,14.0,45.0,37.0,9.0,0.4737491871767906,1.0,-5.0
2.1482153053427835,3.0,9.0,8.0,6.0,0.03449731155302738,1.0,-1.0
20.266411230370373,21.0,98.0,32.0,8.0,0.7820774991300337,5.0,-3.0
19.062817950593413,20.0,96.0,44.0,2.0,0.945564670813858,3.0,-2.0
2.8040250146183867,4.0,37.0,26.0,4.0,0.8803257992292056,5.0,-4.0
55.33132471571914,55.0,29.0,21.0,5.0,0.3554164383176738,1.0,-1.0
9.71348649180034,10.0,35.0,27.0,9.0,0.39336329551707905,3.0,-5.0
256.81783398083843,219.0,94.0,81.0,8.0,0.4289379568501397,2.0,-2.0
1.1814096778359477,2.0,8.0,6.0,4.0,0.3267767867655552,1.0,-3.0
6.394108559205717,7.0,71.0,55.0,5.0,0.9004606928971983,3.0,-2.0
25.87649962643486,27.0,53.0,22.0,10.0,0.7994995502437575,2.0,-2.0
102.5169609444699,14.0,48.0,46.0,4.0,0.5129016706628532,3.0,-4.0
2.6804176335256007,8.0,47.0,4.0,3.0,0.45336547617186607,4.0,-4.0
3.9219383609512253,5.0,69.0,10.0,5.0,0.24170673275724286,1.0,-2.0
1.7403389789105324,3.0,28.0,24.0,9.0,0.5497338017164177,5.0,-1.0
12.676067850823479,14.0,53.0,22.0,10.0,0.9306941668033331,3.0,-5.0
28.02476403221318,27.0,47.0,44.0,6.0,0.41101409492403984,1.0,-3.0
173.38048913539873,92.0,46.0,12.0,2.0,0.5490251241208696,2.0,-2.0
1.896868245317058,4.0,18.0,16.0,6.0,0.34239491461233107,5.0,-1.0
11.046853223888489,12.0,45.0,20.0,0.0,0.7518697017579922,4.0,-3.0
36.60960053020928,37.0,84.0,33.0,10.0,0.7991346506837603,3.0,-5.0
223.8873528018605,21.0,44.0,13.0,8.0,0.30549464120623127,5.0,-2.0
39.79720144363391,41.0,69.0,26.0,5.0,0.8467463307309113,2.0,-4.0
9.66720089417614,11.0,57.0,34.0,3.0,0.8758357719421348,3.0,-2.0
3.6157114967341215,5.0,21.0,12.0,3.0,0.7841623784786882,4.0,-3.0
9.7479898371716,11.0,50.0,37.0,3.0,0.18901267635778052,3.0,-5.0
225.82685393993546,150.0,91.0,10.0,5.0,0.3396704694180702,3.0,-1.0
59.41512493165802,14.0,26.0,10.0,9.0,0.8538583400048521,1.0,-4.0
42.149109482575916,37.0,66.0,11.0,6.0,0.7174818585540007,3.0,-3.0
6.552592541805946,8.0,93.0,71.0,4.0,0.8174944134221792,5.0,-4.0
5.8192532154988825,7.0,20.0,13.0,6.0,0.7343011632120504,2.0,-1.0
31.60386750124143,32.0,94.0,68.0,10.0,0.705671030602336,2.0,-2.0
2.3886830493371605,5.0,41.0,2.0,0.0,0.46252428366542886,4.0,-5.0
50.21535588121056,51.0,94.0,17.0,9.0,0.9066790970560925,2.0,-3.0
0.7548663749158498,3.0,52.0,4.0,3.0,0.4594077784443179,3.0,-5.0
34.69600521709275,34.0,61.0,45.0,6.0,0.7435246983040654,2.0,-4.0
8.954251049605961,10.0,36.0,21.0,10.0,0.11021903069820893,5.0,-2.0
20.646804759379357,21.0,67.0,18.0,0.0,0.04273146684964213,2.0,-1.0
89.40056908632873,90.0,91.0,38.0,1.0,0.8642791298446922,1.0,-2.0
61.50869415994296,62.0,92.0,63.0,9.0,0.35367922172763055,3.0,-3.0
11.298310639849309,12.0,76.0,57.0,6.0,0.6704168349953735,3.0,-1.0
8.44286494299649,11.0,41.0,34.0,2.0,0.6381837414839187,3.0,-3.0
4.920312854807574,4.0,14.0,13.0,9.0,0.03117392741630065,5.0,-1.0
16.72992534297001,18.0,69.0,13.0,6.0,0.527196030336911,1.0,-2.0
52.234984335655106,53.0,81.0,20.0,9.0,0.3612999530736657,5.0,-1.0
94.94785957920381,93.0,92.0,50.0,7.0,0.5737246740581943,3.0,-3.0
5.208722632682505,6.0,21.0,6.0,1.0,0.9759569498241821,3.0,-2.0
4.142180366895241,1.0,5.0,3.0,2.0,0.5603546871106887,4.0,-4.0
4.478399459258511,6.0,45.0,38.0,3.0,0.9271764039690715,2.0,-4.0
60.123067336196,54.0,41.0,20.0,9.0,0.33732089416933875,3.0,-1.0
78.36104349257289,69.0,56.0,27.0,8.0,0.4740163701437913,3.0,-2.0
3.6099414814205892,3.0,12.0,8.0,5.0,0.4440073146649107,5.0,-2.0
3.1832987499442553,4.0,17.0,9.0,3.0,0.26439534617568217,4.0,-4.0
0.26010896586946447,2.0,20.0,5.0,4.0,0.14443217496496763,3.0,-5.0
18.15349050245459,20.0,62.0,19.0,1.0,0.6680758584915468,1.0,-5.0
6.265201714649701,7.0,52.0,25.0,8.0,0.9136897587205143,5.0,-3.0
20.31488621656066,21.0,97.0,46.0,4.0,0.18651011330044587,2.0,-3.0
7.373972104835379,8.0,96.0,61.0,6.0,0.9746424247665548,5.0,-5.0
75.40187392217668,72.0,77.0,7.0,6.0,0.9820897225719084,1.0,-3.0
16.362092045961482,17.0,60.0,21.0,5.0,0.6729447851965394,5.0,-3.0
2.580926646498529,2.0,15.0,13.0,9.0,0.06430986408773054,5.0,-2.0
6.834934970962673,8.0,35.0,29.0,8.0,0.6259476754590065,2.0,-1.0
22.710939574478967,23.0,94.0,76.0,10.0,0.7987615978412095,2.0,-4.0
3.2256429174548655,5.0,45.0,18.0,9.0,0.1512323190169913,4.0,-4.0
4.155843582109141,5.0,71.0,67.0,2.0,0.740625033219486,2.0,-2.0
77.32610014781996,36.0,29.0,8.0,0.0,0.2119295209074631,5.0,-1.0
23.7086608228425,25.0,95.0,22.0,0.0,0.7598804480432049,5.0,-3.0
46.58633035297213,49.0,95.0,40.0,1.0,0.530100638188927,4.0,-2.0
46.43171872921712,22.0,54.0,52.0,9.0,0.4147817863440739,2.0,-3.0
1.6918853001348608,3.0,20.0,16.0,8.0,0.9091752090895421,3.0,-4.0
80.45743779373171,83.0,75.0,51.0,9.0,0.32457359026746746,3.0,-1.0
19.460536382899484,21.0,55.0,36.0,9.0,0.395266971332772,4.0,-1.0
79.55130819384208,69.0,39.0,13.0,7.0,0.775611030542477,1.0,-2.0
883.3535856587888,32.0,22.0,12.0,6.0,0.6704401650567223,1.0,-2.0
17.159615781806668,18.0,60.0,26.0,6.0,0.42605252643888303,4.0,-5.0
3.5501800944347357,4.0,18.0,7.0,1.0,0.06198897856446195,3.0,-2.0
28.48663603285079,13.0,27.0,26.0,8.0,0.4560415864332267,1.0,-2.0
146.04718759341054,24.0,30.0,4.0,2.0,0.29450616343325786,3.0,-1.0
65.62178295519311,33.0,48.0,41.0,9.0,0.21605100676086308,5.0,-2.0
10.294563617272338,11.0,89.0,38.0,5.0,0.19938050987273603,4.0,-5.0
138.70490640591424,67.0,61.0,54.0,5.0,0.2744553391925403,4.0,-2.0
11.541693109050158,12.0,57.0,13.0,3.0,0.9624531268380095,4.0,-1.0
4.185555963172342,5.0,70.0,58.0,0.0,0.9667506602220227,3.0,-1.0
48.740476833300995,49.0,99.0,77.0,9.0,0.450606958481938,3.0,-5.0
8.761881368123577,9.0,51.0,48.0,10.0,0.06630318988057715,5.0,-5.0
9.454525423674802,12.0,48.0,41.0,3.0,0.4567310306672736,4.0,-2.0
9.313302359098074,10.0,40.0,23.0,6.0,0.1678077021367359,4.0,-3.0
46.694484544994836,48.0,76.0,61.0,5.0,0.45017872268169934,1.0,-3.0
37.937371322896716,38.0,97.0,58.0,2.0,0.6713350127681881,3.0,-3.0
63.76661344738576,63.0,94.0,87.0,10.0,0.15849430967967837,3.0,-2.0
33.896888262995944,22.0,73.0,71.0,4.0,0.22482415403061062,5.0,-4.0
268.6013525724885,108.0,73.0,10.0,8.0,0.7448494449694403,1.0,-2.0
77.80239031432524,78.0,85.0,64.0,9.0,0.8783190977277155,1.0,-5.0
1.2839891690070078,3.0,37.0,36.0,8.0,0.5929409230072569,2.0,-1.0
8.624684959890347,1.0,7.0,2.0,1.0,0.26328855340326096,5.0,-1.0
118.50734824726337,119.0,83.0,40.0,8.0,0.7876155659992811,1.0,-2.0
25.529129601859825,13.0,29.0,13.0,8.0,0.4377891729273474,4.0,-2.0
392.3815802401617,71.0,45.0,25.0,5.0,0.3898058415546628,3.0,-2.0
11.819237706872038,12.0,36.0,7.0,5.0,0.6907253871903868,4.0,-1.0
10.084149475566093,11.0,51.0,42.0,7.0,0.9784979491191996,1.0,-4.0
6.357892000428225,7.0,33.0,9.0,6.0,0.9718545077201595,4.0,-4.0
12.718188191195924,13.0,39.0,33.0,1.0,0.7358826552100187,1.0,-1.0
7.6564754180082595,3.0,27.0,24.0,10.0,0.5990916887153804,4.0,-5.0
143.39410539129003,101.0,65.0,37.0,2.0,0.4593195737201645,3.0,-3.0
14.20720178404971,15.0,94.0,53.0,6.0,0.6476433879943705,5.0,-1.0
116.73757799086154,57.0,45.0,23.0,2.0,0.3647428137232186,4.0,-2.0
46.538705531328475,47.0,59.0,33.0,8.0,0.8896686892295359,1.0,-3.0
4.23470880744431,5.0,37.0,7.0,4.0,0.0971895875716241,2.0,-1.0
106.57281831329009,105.0,89.0,60.0,5.0,0.7120190689942928,2.0,-4.0
1.2431926352575726,2.0,42.0,41.0,8.0,0.9021902847714399,1.0,-1.0
6.961411631909164,8.0,69.0,29.0,9.0,0.26587743518272944,3.0,-5.0
4.179131683208494,3.0,9.0,4.0,2.0,0.8852029689766043,2.0,-5.0
2.054494631134229,3.0,56.0,12.0,10.0,0.2053049183296375,3.0,-2.0
586.7857844071041,171.0,85.0,80.0,3.0,0.17375532876011923,4.0,-1.0
6.58686973792139,7.0,35.0,20.0,5.0,0.14454845482541667,2.0,-3.0
1.179516946016009,2.0,44.0,14.0,10.0,0.08696874797401666,3.0,-4.0
12.861622405265953,14.0,59.0,38.0,9.0,0.926552892602444,2.0,-3.0
69.76858453183287,71.0,77.0,38.0,2.0,0.49466948368634067,1.0,-2.0
13.824444774327098,15.0,86.0,38.0,10.0,0.21940024470279196,5.0,-4.0
12.335242296669051,13.0,27.0,14.0,5.0,0.42346106698338315,1.0,-2.0
21.35637035212669,22.0,42.0,27.0,7.0,0.4127022553904308,2.0,-3.0
6.126629903362265,7.0,21.0,10.0,0.0,0.698860147157055,3.0,-1.0
20.251559153680006,21.0,66.0,42.0,3.0,0.21484446995861917,2.0,-3.0
8.749545487356697,9.0,25.0,18.0,6.0,0.9333471858667847,1.0,-2.0
4.106772750764628,5.0,68.0,52.0,7.0,0.9826672089830556,4.0,-2.0
4.2565551788215785,5.0,60.0,3.0,2.0,0.15301364798579453,4.0,-1.0
21.365550313298296,20.0,27.0,13.0,2.0,0.731052088944193,2.0,-3.0
5.335707814573894,6.0,23.0,17.0,0.0,0.1813918492019675,5.0,-5.0
16.906484249790356,13.0,33.0,16.0,9.0,0.4293616220078468,5.0,-2.0
45.6652767871434,47.0,99.0,14.0,2.0,0.7722741040033766,3.0,-2.0
129.61209909184436,130.0,89.0,37.0,4.0,0.24846471321936314,2.0,-1.0
10.842595868525642,12.0,82.0,30.0,5.0,0.08678488639686499,5.0,-3.0
62.06886384083487,63.0,90.0,19.0,1.0,0.5359726906797727,3.0,-1.0
9.545498069865399,11.0,40.0,31.0,1.0,0.3095261979273015,1.0,-5.0
0.2672133799020357,1.0,6.0,5.0,4.0,0.9484655149877709,4.0,-1.0
35.713238193436744,34.0,92.0,8.0,3.0,0.7940086234445594,4.0,-4.0
15.262555367124754,17.0,62.0,40.0,6.0,0.1287209755928188,3.0,-3.0
23.490645805294612,24.0,93.0,80.0,10.0,0.22445449336063172,4.0,-5.0
1.3825873064449745,2.0,62.0,10.0,6.0,0.15812478311456113,3.0,-4.0
34.829009698981444,24.0,78.0,10.0,6.0,0.772488383128213,4.0,-5.0
1089.7264295964953,175.0,92.0,22.0,10.0,0.6128472611288174,2.0,-3.0
9.969033339097813,10.0,38.0,14.0,9.0,0.4997781224844057,3.0,-4.0
18.616645717193084,21.0,51.0,35.0,7.0,0.6432409848248825,3.0,-3.0
113.03431247363784,52.0,54.0,34.0,10.0,0.5294895705594772,3.0,-3.0
14.357082855047024,4.0,15.0,3.0,2.0,0.6908320555202636,3.0,-4.0
3.0970083581863896,4.0,18.0,15.0,8.0,0.34795084866356607,1.0,-4.0
6.795764686180771,8.0,43.0,20.0,5.0,0.7692087028173096,5.0,-2.0
50.977884725447154,45.0,48.0,24.0,5.0,0.7451320643885003,2.0,-4.0
2.2215063581617045,3.0,32.0,27.0,1.0,0.8126812614816796,3.0,-1.0
26.47732205355276,15.0,38.0,37.0,2.0,0.33562281012249384,2.0,-3.0
4.126365556908641,5.0,47.0,24.0,10.0,0.08674053969287976,3.0,-4.0
23.609690811794263,25.0,97.0,43.0,9.0,0.6608995509008541,5.0,-3.0
8.357742924665251,9.0,90.0,74.0,4.0,0.9785981138753691,2.0,-2.0
2.5009107121293486,5.0,65.0,6.0,4.0,0.4571844745367555,3.0,-4.0
4.646547905800049,6.0,28.0,19.0,2.0,0.1341369906295432,5.0,-5.0
33.34713929664261,23.0,47.0,4.0,0.0,0.6127808472028974,4.0,-3.0
1.8754503324026217,2.0,13.0,11.0,5.0,0.6333013173853169,4.0,-4.0
2.267114758821641,3.0,69.0,63.0,9.0,0.7293071271891476,4.0,-1.0
7.285129115806324,8.0,29.0,18.0,7.0,0.07001068644394604,5.0,-2.0
3.1827916863659644,4.0,69.0,7.0,5.0,0.1858104147111883,1.0,-1.0
39.57307839035888,40.0,31.0,5.0,1.0,0.828506159459335,1.0,-1.0
0.8136808777296105,2.0,16.0,5.0,2.0,0.04472155360205121,3.0,-4.0
8.336771121580162,10.0,49.0,35.0,7.0,0.7421452475202204,4.0,-5.0
33.837940779006935,33.0,93.0,5.0,1.0,0.9500788832523875,3.0,-5.0
26.012752616712785,27.0,99.0,16.0,6.0,0.7989714088956071,5.0,-4.0
2.3731119312768505,3.0,17.0,10.0,1.0,0.13416793079992473,4.0,-5.0
18.533401727029492,20.0,29.0,10.0,5.0,0.5767389409736566,1.0,-2.0
1.2277312974577317,2.0,7.0,1.0,0.0,0.09274476342229598,1.0,-1.0
14.565190884102623,16.0,82.0,61.0,0.0,0.5552242085865893,5.0,-3.0
3.2197892750679644,3.0,12.0,9.0,2.0,0.5863475987841891,3.0,-2.0
2.322934136027061,3.0,92.0,14.0,10.0,0.37967330928853893,2.0,-4.0
42.232037996522855,43.0,84.0,48.0,9.0,0.7131083515491488,2.0,-2.0
0.9337670446104873,2.0,23.0,22.0,2.0,0.6903103066129809,2.0,-1.0
47.34414346692808,34.0,45.0,38.0,4.0,0.546975692203794,2.0,-4.0
11.31818354822721,12.0,35.0,28.0,2.0,0.8092369005226295,1.0,-1.0
4.781749976031708,5.0,13.0,11.0,0.0,0.08744836997080119,5.0,-3.0
4.895871798370078,6.0,19.0,10.0,5.0,0.9595708573801023,2.0,-2.0
52.55244940981731,51.0,44.0,27.0,6.0,0.8646972698358156,1.0,-4.0
51.49815863135501,25.0,66.0,10.0,8.0,0.5922327319921599,2.0,-3.0
52.96874231397099,53.0,46.0,30.0,2.0,0.23569317698699876,1.0,-1.0
2.441706216906437,4.0,19.0,7.0,4.0,0.5387644228199397,2.0,-5.0
10.36516406931015,11.0,80.0,43.0,9.0,0.7616082059834761,5.0,-1.0
6.720310178174032,8.0,68.0,49.0,8.0,0.7654500907326414,4.0,-1.0
2.721298668725577,3.0,9.0,3.0,0.0,0.6006899504561015,5.0,-2.0
25.620766413225418,27.0,96.0,44.0,0.0,0.671600601645531,4.0,-2.0
9.271839292420832,10.0,34.0,9.0,2.0,0.9392673279062546,3.0,-2.0
19.39121720126612,20.0,72.0,53.0,6.0,0.17513581012719048,5.0,-4.0
58.776040163383286,42.0,95.0,9.0,1.0,0.6463181251423891,5.0,-5.0
34.591313861956735,36.0,72.0,34.0,2.0,0.6149824541056629,1.0,-4.0
5.317385289355027,6.0,68.0,53.0,8.0,0.9552338312792934,3.0,-1.0
13.387395513480701,14.0,77.0,22.0,8.0,0.910834205537714,5.0,-5.0
2.1870102774942266,1.0,14.0,12.0,9.0,0.32565286675860905,2.0,-3.0
18.270651702326774,9.0,31.0,3.0,2.0,0.6475017691618848,4.0,-3.0
475.33634430848815,216.0,75.0,16.0,8.0,0.7810306589778193,1.0,-3.0
108.93710029246748,110.0,96.0,58.0,10.0,0.3118757523908152,3.0,-2.0
37.903237298468724,40.0,77.0,30.0,10.0,0.3733332706733328,5.0,-1.0
62.12285778076844,62.0,57.0,50.0,2.0,0.045467508370616194,4.0,-1.0
30.15735813055505,32.0,54.0,31.0,0.0,0.24301462460838708,2.0,-2.0
8.343485325235678,9.0,79.0,48.0,3.0,0.7859122774954631,5.0,-1.0
27.795199277469187,29.0,66.0,46.0,5.0,0.4649435897200601,5.0,-3.0
24.566520593865597,25.0,76.0,36.0,10.0,0.23541226665923998,2.0,-2.0
43.052705993456286,44.0,92.0,74.0,4.0,0.39568098998376733,2.0,-4.0
1.6219226124609454,1.0,12.0,10.0,9.0,0.3721840759267584,5.0,-1.0
0.7817834436879582,2.0,72.0,70.0,5.0,0.9368933149213052,3.0,-4.0
118.45034532482988,99.0,42.0,37.0,4.0,0.5211058903470832,1.0,-1.0
3.4807140439075663,5.0,57.0,14.0,3.0,0.26281841429906183,2.0,-5.0
5.483357829535359,6.0,24.0,7.0,1.0,0.8100290101155139,5.0,-5.0
18.453559933021044,20.0,54.0,22.0,5.0,0.5468165504774911,4.0,-1.0
0.40864806753468785,2.0,9.0,6.0,5.0,0.42548442884164805,1.0,-5.0
36.257192018472374,9.0,25.0,21.0,8.0,0.2735750744598169,4.0,-2.0
6.473640083838687,8.0,63.0,42.0,6.0,0.749132078663486,5.0,-2.0
70.12799840889404,71.0,94.0,69.0,9.0,0.2861054024023362,2.0,-2.0
37.140617808980785,38.0,43.0,38.0,2.0,0.010236930852426274,2.0,-1.0
43.61660545368111,44.0,90.0,87.0,0.0,0.2513367094076697,1.0,-3.0
48.461922520788676,46.0,98.0,97.0,9.0,0.06138045828832106,1.0,-2.0
7.617919586773863,8.0,49.0,24.0,1.0,0.8281735874897483,5.0,-5.0
18.426997341451937,20.0,48.0,32.0,3.0,0.47804853664363833,4.0,-2.0
15.069992369382165,16.0,33.0,24.0,1.0,0.3684470529870788,1.0,-3.0
4.143882802177573,1.0,14.0,13.0,10.0,0.32514875736407245,4.0,-3.0
17.702292058207657,18.0,31.0,19.0,8.0,0.8389391599839809,1.0,-1.0
31.794086319582732,33.0,95.0,58.0,1.0,0.3153162535274351,3.0,-4.0
11.436657250842702,12.0,78.0,46.0,3.0,0.7996700623579223,4.0,-2.0
1.2889041240179986,3.0,13.0,12.0,5.0,0.44396322452647297,3.0,-1.0
4.565521929609342,6.0,59.0,15.0,1.0,0.10372643245393809,5.0,-4.0
5.8067743992417045,7.0,39.0,25.0,9.0,0.20743293666074436,2.0,-4.0
53.079632942900524,37.0,94.0,93.0,1.0,0.31668878956375146,1.0,-3.0
15.86583927680501,17.0,57.0,43.0,5.0,0.07561464022617193,5.0,-3.0
51.99019196714254,52.0,71.0,35.0,7.0,0.24357281331802028,4.0,-2.0
4.492257726345419,6.0,49.0,21.0,8.0,0.18435536605718172,2.0,-4.0
64.42481956501574,27.0,40.0,12.0,5.0,0.6485577037771502,2.0,-4.0
1.519167538012632,3.0,14.0,10.0,3.0,0.9541276225228573,3.0,-5.0
44.94571905699011,47.0,81.0,33.0,4.0,0.5886943150067936,1.0,-3.0
2.70430184840016,3.0,43.0,3.0,1.0,0.08681252905955728,2.0,-1.0
30.837943295656743,32.0,76.0,61.0,4.0,0.021661100818391787,5.0,-2.0
299.3033771750344,107.0,89.0,81.0,7.0,0.2921265369057717,4.0,-2.0
15.002702562066181,16.0,60.0,43.0,3.0,0.04172671278291362,5.0,-3.0
5.624337396024529,6.0,66.0,7.0,2.0,0.41110063909867556,5.0,-5.0
16.820426800061522,13.0,47.0,5.0,3.0,0.7852805698625434,4.0,-3.0
251.49989266317905,71.0,46.0,21.0,10.0,0.7912524813561398,1.0,-4.0
1.2613194552425495,4.0,16.0,3.0,2.0,0.5345299062496818,2.0,-4.0
83.58283352631075,63.0,47.0,41.0,8.0,0.12103641714991142,4.0,-1.0
45.31553390341342,46.0,91.0,82.0,8.0,0.12233529634138762,1.0,-2.0
1.1034277088967774,1.0,13.0,11.0,10.0,0.6875048262109956,4.0,-3.0
19.490111820399065,21.0,60.0,43.0,0.0,0.8120395285282319,2.0,-4.0
7.096860859196874,8.0,28.0,16.0,8.0,0.5381776883634153,4.0,-1.0
18.781024591857737,20.0,54.0,43.0,3.0,0.47836512411449705,1.0,-5.0
104.32099261233503,103.0,95.0,12.0,10.0,0.897810631981017,1.0,-1.0
15.205621786083238,16.0,62.0,36.0,7.0,0.29897294934747753,3.0,-4.0
0.5968515832747258,1.0,13.0,11.0,10.0,0.41556769973840624,3.0,-5.0
20.030104869751643,21.0,96.0,29.0,3.0,0.14039077509510434,3.0,-2.0
7.704355427937141,8.0,45.0,25.0,6.0,0.2533862478475075,5.0,-5.0
96.92444688506862,41.0,60.0,52.0,2.0,0.31051678445571995,5.0,-3.0
80.53195413702431,43.0,57.0,37.0,6.0,0.5768824540950946,3.0,-5.0
134.29907807069742,135.0,94.0,85.0,6.0,0.13725355593180122,2.0,-1.0
46.36350278273513,48.0,60.0,26.0,3.0,0.5466670892375325,3.0,-2.0
0.782183041639882,2.0,15.0,7.0,5.0,0.2714504159755369,4.0,-5.0
10.089228157375592,12.0,32.0,16.0,2.0,0.43097495914166994,5.0,-1.0
40.029442538117664,42.0,87.0,26.0,7.0,0.5036213389970665,3.0,-4.0
2.6831612680943095,3.0,69.0,63.0,8.0,0.8472336472165495,3.0,-2.0
2.93202018909076,4.0,17.0,13.0,7.0,0.47284941726410334,4.0,-1.0
63.76147307047036,62.0,61.0,18.0,0.0,0.4457314057358629,4.0,-2.0
14.256127256874418,1.0,11.0,10.0,8.0,0.6074636806689946,3.0,-5.0
1.6346778705875873,3.0,18.0,6.0,3.0,0.3607960061552631,2.0,-4.0
67.40641658359698,27.0,74.0,73.0,1.0,0.366481553891264,4.0,-4.0
5.366267262072465,7.0,35.0,27.0,6.0,0.49868488278733736,5.0,-2.0
84.44387170938583,23.0,47.0,28.0,7.0,0.4694446140053158,5.0,-4.0
29.315160339121043,24.0,48.0,37.0,6.0,0.48217606703323845,4.0,-3.0
18.191844245605676,20.0,48.0,31.0,4.0,0.5031636854903045,1.0,-4.0
65.89071330967178,56.0,44.0,38.0,10.0,0.3636866244048754,2.0,-1.0
16.19015181585767,17.0,56.0,13.0,2.0,0.7311871128704679,4.0,-1.0
4.675470761411159,5.0,75.0,67.0,3.0,0.9036858823591792,2.0,-1.0
1.1165334406773997,1.0,3.0,2.0,1.0,0.05218537861557415,1.0,-1.0
10.651463418998153,12.0,76.0,42.0,4.0,0.23873585088438842,1.0,-5.0
10.86730916199973,8.0,32.0,28.0,4.0,0.19906017986574498,5.0,-4.0
9.031924820285177,10.0,41.0,18.0,10.0,0.7093045050229678,4.0,-1.0
2.521145052688005,4.0,15.0,8.0,0.0,0.9627526946229394,3.0,-3.0
48.81093051860952,48.0,56.0,16.0,7.0,0.3638977154297426,4.0,-1.0
76.24122513465805,77.0,62.0,46.0,0.0,0.4655506260173796,1.0,-2.0
19.13056707140127,20.0,75.0,8.0,0.0,0.7503747514813598,5.0,-1.0
0.8321840133198815,3.0,35.0,5.0,3.0,0.2885205985444279,4.0,-5.0
12.325723560034369,13.0,77.0,27.0,3.0,0.010570529460534495,3.0,-2.0
8.512832042634942,10.0,47.0,23.0,7.0,0.18674741222296398,3.0,-3.0
10.039262779593823,5.0,24.0,11.0,9.0,0.6135594000903886,4.0,-3.0
14.670875406224864,16.0,100.0,34.0,0.0,0.949870905263064,5.0,-5.0
5.136243448162216,6.0,19.0,15.0,5.0,0.010610357514184043,3.0,-2.0
50.45811437265456,49.0,94.0,75.0,4.0,0.2880991472217599,5.0,-4.0
14.915366599276078,16.0,64.0,30.0,7.0,0.5763276936919057,1.0,-5.0
185.88975567190545,89.0,52.0,12.0,6.0,0.8430362607723255,1.0,-4.0
19.034762350075194,20.0,44.0,17.0,6.0,0.48369148512004767,4.0,-1.0
195.17114833656393,3.0,15.0,14.0,8.0,0.3938515502407628,3.0,-2.0
5.6367359667899235,7.0,61.0,23.0,7.0,0.04036945786233659,1.0,-3.0
0.3895477026339797,2.0,11.0,4.0,3.0,0.0721533831678961,3.0,-3.0
5.316004373999027,6.0,19.0,13.0,5.0,0.7821668107228451,2.0,-2.0
2.2924791597824505,1.0,12.0,10.0,8.0,0.3039402909250566,4.0,-3.0
13.880899524587104,15.0,51.0,35.0,10.0,0.04974099560843048,2.0,-2.0
1.4204908286371494,3.0,18.0,12.0,9.0,0.8706486846001597,5.0,-1.0
8.036517996228797,9.0,26.0,19.0,9.0,0.7742047987271305,2.0,-3.0
1.381181140335347,3.0,17.0,11.0,7.0,0.02598200496916514,1.0,-3.0
22.906819317300123,21.0,29.0,11.0,9.0,0.9285974007807899,1.0,-2.0
9.71292518180403,11.0,48.0,30.0,10.0,0.23522202051274066,1.0,-3.0
15.742331814485746,17.0,86.0,32.0,10.0,0.7383735844257243,5.0,-1.0
295.90973706668825,16.0,30.0,18.0,7.0,0.7089752145806153,2.0,-5.0
3.1549063910324913,4.0,26.0,15.0,9.0,0.01636671814551005,4.0,-2.0
8.458066572854571,9.0,30.0,15.0,7.0,0.9546909892655893,2.0,-3.0
13.12429660338846,14.0,87.0,63.0,10.0,0.6828669430848098,5.0,-5.0
9.191760377994617,10.0,64.0,16.0,2.0,0.4128161269028787,2.0,-4.0
6.764183915445653,8.0,42.0,40.0,8.0,0.02991113192647088,4.0,-5.0
14.309144323579229,15.0,64.0,32.0,0.0,0.8727220309424677,3.0,-3.0
18.43186603666209,19.0,70.0,54.0,6.0,0.26620160068603704,4.0,-5.0
4.979460573845984,9.0,97.0,91.0,3.0,0.6204949795468665,5.0,-5.0
3.899666966659324,5.0,54.0,23.0,9.0,0.14099498445137237,5.0,-5.0
9.23251907691848,3.0,11.0,8.0,2.0,0.43501231949793484,5.0,-5.0
37.006482386915074,39.0,87.0,48.0,5.0,0.30634023542857214,3.0,-3.0
200.29738819565213,25.0,49.0,21.0,9.0,0.3675111354995064,5.0,-3.0
3.2036074414382956,4.0,20.0,10.0,5.0,0.8744972964205978,4.0,-3.0
6.089711153380754,7.0,91.0,74.0,9.0,0.7583187632983974,4.0,-1.0
0.20428978875853057,2.0,48.0,47.0,8.0,0.9883341404803234,5.0,-4.0
0.24326876715595316,2.0,15.0,14.0,2.0,0.9110679770736563,5.0,-5.0
60.56161928015832,62.0,93.0,52.0,4.0,0.5259273518225467,3.0,-5.0
45.28256904573163,32.0,27.0,7.0,4.0,0.48055701801283746,2.0,-1.0
105.17468783196028,106.0,67.0,39.0,7.0,0.6331118759522071,1.0,-1.0
1.1655220489381544,2.0,59.0,56.0,0.0,0.7147907759845713,4.0,-1.0
21.551245014237647,19.0,50.0,7.0,3.0,0.713606336707776,4.0,-3.0
4.188868736051535,5.0,16.0,7.0,1.0,0.8580919084645067,3.0,-3.0
7.437849896717543,9.0,45.0,24.0,2.0,0.010538989577182911,1.0,-3.0
2.6085649140202705,3.0,17.0,8.0,2.0,0.8450172909873794,5.0,-5.0
334.97678944591627,335.0,82.0,36.0,6.0,0.4552207780580516,1.0,-1.0
7313.249729444045,273.0,100.0,44.0,7.0,0.6679428890956309,2.0,-4.0
7.516510508668641,8.0,60.0,39.0,2.0,0.9656416027042762,3.0,-3.0
1.4298140782245197,3.0,22.0,6.0,3.0,0.48363751790194665,1.0,-5.0
1.154846129261023,2.0,25.0,20.0,9.0,0.8882635203241983,5.0,-1.0
15.100144867489378,14.0,49.0,14.0,9.0,0.5241253355620353,3.0,-4.0
1.3740392137871722,3.0,45.0,14.0,10.0,0.02221873294011234,1.0,-3.0
0.8685715790799845,2.0,35.0,31.0,2.0,0.9561402622090696,5.0,-4.0
12.523957986887227,14.0,73.0,44.0,4.0,0.3010202519858258,1.0,-5.0
11.286793014171801,13.0,99.0,35.0,4.0,0.04223784735138203,3.0,-3.0
14.494536876285919,15.0,50.0,43.0,10.0,0.18082003444362682,1.0,-3.0
10.45627781898413,11.0,63.0,24.0,9.0,0.8729816735472796,5.0,-5.0
284.2003393614609,179.0,59.0,38.0,8.0,0.768472884345584,1.0,-3.0
22.19103462589876,23.0,96.0,66.0,0.0,0.5586495515399684,4.0,-2.0
1.6593409928389145,2.0,48.0,3.0,0.0,0.23841066869957883,2.0,-3.0
35.54450102826769,38.0,41.0,14.0,0.0,0.7212255083346584,1.0,-4.0
2.519869135339652,3.0,8.0,2.0,0.0,0.3015769973972854,2.0,-2.0
31.440044222473094,32.0,89.0,51.0,5.0,0.8681082832406763,2.0,-4.0
13.948086165339275,14.0,41.0,32.0,5.0,0.8817499379082039,1.0,-2.0
4.09956221806165,5.0,32.0,28.0,8.0,0.02023838415863921,1.0,-5.0
19.202907739243084,21.0,78.0,40.0,4.0,0.6978866977647513,5.0,-5.0
2.7735946729350593,5.0,27.0,25.0,1.0,0.5315836994350507,4.0,-3.0
4.582647390095402,5.0,40.0,26.0,6.0,0.0794638094121497,3.0,-5.0
19.591021522253882,20.0,79.0,67.0,8.0,0.2209351505854037,4.0,-5.0
71.52936380031446,55.0,77.0,24.0,4.0,0.3400493186689155,5.0,-3.0
18.194378311804396,19.0,32.0,24.0,3.0,0.6409662219091842,1.0,-5.0
20.115852700569445,23.0,63.0,32.0,1.0,0.654107312582988,5.0,-5.0
9.599070771414137,10.0,95.0,61.0,5.0,0.9084019028435835,4.0,-1.0
2.4761536569573903,1.0,14.0,9.0,8.0,0.09935797352544185,5.0,-1.0
29.3424652022653,15.0,23.0,7.0,4.0,0.4744397754302492,2.0,-2.0
14.125219825369088,13.0,38.0,15.0,2.0,0.3421844823127258,5.0,-4.0
167.12090843838348,105.0,59.0,15.0,3.0,0.18563913981544167,4.0,-1.0
3.452004596810733,4.0,66.0,16.0,4.0,0.08729316239967444,2.0,-4.0
26.66186904713386,28.0,79.0,45.0,6.0,0.31715460415090213,4.0,-4.0
14.887408862074194,16.0,74.0,46.0,0.0,0.18202812287656844,1.0,-4.0
0.7916660834866523,2.0,14.0,11.0,7.0,0.827068067960351,5.0,-2.0
18.34189018538834,19.0,90.0,37.0,4.0,0.9842229178618622,3.0,-4.0
4.799100727146108,6.0,33.0,22.0,5.0,0.6584192174912484,4.0,-1.0
47.93771585662757,21.0,73.0,12.0,10.0,0.6969427213114042,4.0,-5.0
4.047101093803424,5.0,33.0,17.0,10.0,0.28379586283630887,4.0,-4.0
8.447360571479646,10.0,90.0,76.0,3.0,0.531464482462544,4.0,-1.0
4.959383322173687,1.0,6.0,4.0,1.0,0.4861822779762005,4.0,-3.0
72.30174982258401,15.0,38.0,11.0,9.0,0.22890582423950856,5.0,-1.0
532.1037240856583,30.0,31.0,20.0,8.0,0.8367787768631332,1.0,-5.0
211.31372735796705,4.0,26.0,8.0,7.0,0.3856476755113428,5.0,-3.0
4.261299149119042,5.0,23.0,8.0,0.0,0.42452765130775305,1.0,-4.0
7.545785762451016,9.0,35.0,30.0,4.0,0.2590613529523552,1.0,-5.0
3.4037397395113973,4.0,25.0,22.0,3.0,0.9703458717168727,1.0,-3.0
38.40901469886005,36.0,80.0,74.0,9.0,0.21794815830943826,3.0,-3.0
53.481067053628195,53.0,36.0,25.0,5.0,0.5420119611055069,1.0,-2.0
3.55322723741702,5.0,43.0,33.0,6.0,0.83062042040847,4.0,-3.0
14.62720882801128,16.0,75.0,69.0,2.0,0.0699158694845664,1.0,-5.0
0.7177081029185233,1.0,13.0,12.0,10.0,0.7322206841317873,3.0,-3.0
36.924231550957636,15.0,17.0,14.0,6.0,0.2611133695140049,2.0,-1.0
43.59850356044099,44.0,98.0,86.0,8.0,0.05273694261164308,2.0,-2.0
30.027665650306492,29.0,77.0,15.0,4.0,0.32920889469022163,5.0,-3.0
9.115717042579659,11.0,82.0,76.0,9.0,0.3316407688385654,4.0,-1.0
8.243182593156465,6.0,26.0,25.0,4.0,0.35034861037021736,2.0,-5.0
10.753055999413679,7.0,12.0,8.0,2.0,0.6884038174761267,1.0,-4.0
19.850848598069714,20.0,98.0,65.0,7.0,0.7770662409129864,3.0,-3.0
1.7925550429130064,3.0,51.0,45.0,10.0,0.9183971939747001,4.0,-4.0
3.515622565302925,5.0,33.0,20.0,8.0,0.15866643028086225,5.0,-5.0
13.334062495525655,13.0,43.0,22.0,9.0,0.7305459858251228,4.0,-5.0
34.28814095556158,34.0,47.0,33.0,9.0,0.2600099082005951,3.0,-2.0
7.812670228595183,8.0,69.0,63.0,2.0,0.9226610887375987,1.0,-2.0
12.381510697427116,13.0,35.0,13.0,6.0,0.8252632786513524,3.0,-4.0
10.241086003475539,11.0,34.0,23.0,9.0,0.8456841392971232,2.0,-4.0
7.9707494340224345,9.0,49.0,33.0,0.0,0.8014678953952667,3.0,-2.0
0.30626381762249955,2.0,33.0,10.0,9.0,0.2891401995818962,1.0,-5.0
1.3923557293553934,2.0,24.0,7.0,3.0,0.3545284901376168,1.0,-5.0
9.69044477107009,11.0,33.0,19.0,7.0,0.4889444257872596,4.0,-1.0
8.113297509658231,8.0,24.0,14.0,8.0,0.2520946632893104,3.0,-2.0
4.194972749558671,5.0,39.0,19.0,7.0,0.2278866292391315,1.0,-4.0
3.7122137376896003,5.0,50.0,13.0,4.0,0.3219463292002752,3.0,-5.0
1.6002195489866062,3.0,22.0,16.0,4.0,0.8213550718087139,5.0,-2.0
172.97899792737525,43.0,28.0,20.0,4.0,0.7615620972717144,1.0,-3.0
1.5284575307585462,4.0,50.0,12.0,10.0,0.6152485474460173,1.0,-5.0
18.639286590993077,20.0,87.0,29.0,0.0,0.8889633846556855,4.0,-4.0
5.32185929998694,6.0,44.0,27.0,7.0,0.02687943624746425,5.0,-4.0
0.630773773678292,1.0,11.0,9.0,7.0,0.13821518811274003,2.0,-4.0
5.685693376354201,6.0,54.0,46.0,9.0,0.8814080700612732,2.0,-3.0
10.870070076144712,4.0,13.0,7.0,4.0,0.3645677660634078,5.0,-2.0
11.60614848339801,9.0,30.0,16.0,5.0,0.45024738859814095,4.0,-5.0
25.004641543854312,26.0,68.0,24.0,1.0,0.04008538855353072,1.0,-1.0
11.078447275074726,12.0,50.0,29.0,6.0,0.29238967854504805,5.0,-5.0
1.2029443765104908,1.0,8.0,6.0,5.0,0.9325174528520784,2.0,-3.0
2.602775998018623,4.0,14.0,9.0,4.0,0.21579482799854643,2.0,-3.0
2.497509642942519,4.0,31.0,7.0,0.0,0.2746510023604588,3.0,-5.0
4.196959143602291,5.0,29.0,18.0,2.0,0.1979526742836385,1.0,-5.0
8.775139156069129,10.0,39.0,34.0,4.0,0.11625015930941296,1.0,-4.0
4.77915388160655,6.0,62.0,28.0,6.0,0.044074966103866964,4.0,-5.0
148.57415121226055,58.0,34.0,23.0,1.0,0.141987631742023,5.0,-1.0
0.22570423665205905,1.0,2.0,1.0,0.0,0.9288221251588529,5.0,-3.0
29.406233008992572,30.0,74.0,42.0,10.0,0.8697435238606641,2.0,-5.0
11.664644354935945,13.0,71.0,14.0,4.0,0.9837944753097325,5.0,-2.0
10.420689403939166,11.0,39.0,30.0,3.0,0.9318332334422075,1.0,-1.0
62.038858960143195,65.0,93.0,67.0,8.0,0.3455845956545758,5.0,-2.0
76.62824341136242,77.0,87.0,67.0,7.0,0.07233296180407545,2.0,-1.0
3.888848226844315,5.0,44.0,39.0,10.0,0.8809546215374482,2.0,-4.0
19.29039735426423,20.0,56.0,29.0,7.0,0.28651206442296184,1.0,-2.0
94.77239773426186,57.0,58.0,54.0,5.0,0.6965943646642895,1.0,-4.0
2.6480501380747414,4.0,79.0,4.0,0.0,0.24824243050346284,3.0,-3.0
2.9224319009585535,4.0,18.0,6.0,3.0,0.8510282079378261,5.0,-1.0
17.887787632433678,19.0,75.0,67.0,4.0,0.24634067578625518,1.0,-5.0
15.603143895002022,16.0,64.0,41.0,2.0,0.10010074556202198,2.0,-3.0
1.4576984011758711,3.0,21.0,9.0,3.0,0.09821357992541735,4.0,-5.0
11.102202925750264,12.0,87.0,58.0,5.0,0.8017277445353774,4.0,-3.0
3.2601270854917597,4.0,46.0,38.0,5.0,0.7423153448834175,4.0,-2.0
8.692444445485286,10.0,64.0,34.0,2.0,0.806409141987406,5.0,-3.0
32.77409255877266,34.0,80.0,63.0,0.0,0.43967856890524015,2.0,-5.0
106.6026963439767,95.0,93.0,41.0,3.0,0.435974067475989,5.0,-3.0
8.86296378251296,7.0,29.0,27.0,2.0,0.27240914250763715,3.0,-5.0
2.867893305337046,4.0,81.0,70.0,2.0,0.9671136146891794,4.0,-1.0
2.289489635693776,3.0,27.0,7.0,4.0,0.3689664301934732,5.0,-5.0
4.551212736940953,5.0,61.0,55.0,10.0,0.7727766456106403,2.0,-1.0
5.528052379874678,5.0,23.0,20.0,0.0,0.15356547486956174,4.0,-5.0
1.2239833210120785,1.0,12.0,10.0,8.0,0.6260010215704078,5.0,-4.0
55.98597409394625,7.0,45.0,11.0,6.0,0.49106919173789876,5.0,-5.0
8.077868450616032,10.0,45.0,33.0,1.0,0.41425673479255654,5.0,-1.0
37.29499538723985,38.0,94.0,81.0,8.0,0.2918046883769738,3.0,-4.0
0.927080428728645,2.0,37.0,33.0,5.0,0.9020886085033041,5.0,-2.0
2.6367045469281702,4.0,25.0,14.0,9.0,0.5172822481618118,1.0,-5.0
4.631010747459568,5.0,22.0,11.0,8.0,0.6250416285174977,5.0,-2.0
0.6023790302386806,3.0,35.0,1.0,0.0,0.4174894564299968,3.0,-5.0
49.284546733759,27.0,27.0,13.0,5.0,0.16753546281670417,4.0,-1.0
84.45680388488125,44.0,89.0,25.0,6.0,0.47750329265846014,5.0,-5.0
167.49075370004536,171.0,88.0,58.0,4.0,0.29477859126141104,3.0,-1.0
3.185943018736217,4.0,55.0,43.0,8.0,0.953309141402039,4.0,-1.0
7.120102245886354,8.0,69.0,20.0,7.0,0.04354588069606857,2.0,-2.0
0.2922090459123486,1.0,10.0,9.0,8.0,0.9037012565654575,4.0,-2.0
12.620342476580714,15.0,88.0,13.0,6.0,0.3056674916608866,5.0,-3.0
7.241453911760086,8.0,47.0,41.0,7.0,0.7071407231583712,2.0,-2.0
5.233525890856954,6.0,56.0,24.0,4.0,0.16835493707596982,2.0,-5.0
5.995425790085208,7.0,31.0,16.0,7.0,0.6877384218650052,5.0,-3.0
25.55775354365695,27.0,74.0,35.0,2.0,0.5051911423543656,4.0,-1.0
56.825785462955565,16.0,30.0,6.0,1.0,0.6317633543205122,3.0,-4.0
16.434099340293667,17.0,95.0,57.0,10.0,0.9140331804404878,3.0,-5.0
1.7906395898771863,3.0,27.0,17.0,9.0,0.0760460878874577,2.0,-5.0
150.89468348851585,150.0,77.0,60.0,3.0,0.6555632732011759,1.0,-3.0
26.54783699345092,22.0,41.0,31.0,10.0,0.36816251731305216,3.0,-3.0
5.304503048841584,7.0,62.0,11.0,2.0,0.2559253709718816,5.0,-4.0
248.74974860242983,73.0,70.0,65.0,10.0,0.35577884978054386,3.0,-2.0
0.7611871258439132,2.0,36.0,34.0,7.0,0.925494962301849,3.0,-2.0
13.305698598025034,6.0,12.0,9.0,3.0,0.7098130781214211,1.0,-4.0
2.006667982253717,3.0,20.0,8.0,2.0,0.0024921844243863678,1.0,-3.0
57.94456806929005,59.0,78.0,29.0,7.0,0.5691271559446465,3.0,-2.0
7.0590222829927844,9.0,43.0,31.0,4.0,0.4499920224767163,5.0,-1.0
14.794820371342606,16.0,46.0,18.0,8.0,0.48209237306496433,5.0,-1.0
0.6339497513929739,1.0,10.0,9.0,7.0,0.6971765107965391,4.0,-4.0
145.61428930006315,91.0,60.0,49.0,6.0,0.34093986214307426,3.0,-2.0
19.976292639868717,24.0,65.0,11.0,8.0,0.7124554959460722,1.0,-3.0
35.12687060305265,26.0,33.0,26.0,6.0,0.7384392173444284,1.0,-5.0
2.7630644470348638,4.0,22.0,13.0,5.0,0.014951998129413058,4.0,-3.0
21.82014053888028,14.0,54.0,53.0,6.0,0.3692053411273597,1.0,-4.0
45.65495585903472,46.0,79.0,14.0,2.0,0.8079075883948246,2.0,-1.0
20.305697476307365,21.0,92.0,79.0,7.0,0.0908394298298848,1.0,-4.0
5.236193899484433,6.0,22.0,11.0,3.0,0.18402158720698591,5.0,-3.0
18.585001680870995,20.0,84.0,47.0,3.0,0.9969508860843603,2.0,-1.0
103.31338399651196,104.0,80.0,28.0,7.0,0.7516614885141871,1.0,-1.0
28.379493142074956,29.0,42.0,39.0,0.0,0.15644206712258668,2.0,-2.0
11.53076911599023,12.0,91.0,37.0,3.0,0.9471870213340148,5.0,-1.0
11.93720090110666,13.0,45.0,27.0,7.0,0.3311413377874485,1.0,-3.0
18.357712703804037,19.0,100.0,84.0,8.0,0.09556118802769853,4.0,-5.0
6.4778323793681905,7.0,47.0,20.0,3.0,0.07513306907586026,2.0,-3.0
6.813899669109259,8.0,30.0,19.0,6.0,0.4417335859410316,2.0,-5.0
24.7672211158315,26.0,72.0,40.0,5.0,0.0838345521496695,5.0,-2.0
73.79626117684873,75.0,86.0,18.0,9.0,0.6404852988285396,2.0,-1.0
7.7145917254446585,9.0,58.0,30.0,0.0,0.18521089497943488,1.0,-5.0
1.682039825497461,3.0,93.0,87.0,10.0,0.9458871833062505,4.0,-4.0
98.48656789546682,99.0,99.0,29.0,0.0,0.9276892054820554,1.0,-3.0
373.75747218638315,252.0,44.0,21.0,7.0,0.4812712774434934,1.0,-1.0
3.674949667760829,5.0,45.0,14.0,6.0,0.1028874296503477,5.0,-3.0
35.68802545361462,27.0,51.0,6.0,0.0,0.6576158929641841,4.0,-4.0
16.85770329880545,18.0,79.0,50.0,8.0,0.3135696760144059,3.0,-5.0
31.15607790916459,32.0,80.0,68.0,8.0,0.6925787969041859,1.0,-1.0
1.5899294072392878,3.0,87.0,81.0,10.0,0.8773752452581052,5.0,-5.0
57.39137289356207,58.0,99.0,19.0,7.0,0.7979792430264612,2.0,-1.0
15.782535248752016,17.0,69.0,29.0,7.0,0.75574117602729,4.0,-2.0
16.724509102670233,17.0,53.0,51.0,4.0,0.02371913645214263,5.0,-3.0
16.25881782722232,18.0,77.0,64.0,7.0,0.5332851252241992,5.0,-4.0
5.181512434097522,6.0,55.0,18.0,0.0,0.05845675736706213,5.0,-4.0
6.181944625637665,7.0,28.0,4.0,3.0,0.9869192813979883,4.0,-5.0
13.500453852943933,14.0,67.0,43.0,5.0,0.04631995313043391,1.0,-3.0
4.182665969262766,5.0,83.0,68.0,1.0,0.9310382465087568,4.0,-2.0
16.599237440079175,18.0,57.0,14.0,1.0,0.9488100556970142,3.0,-5.0
5.147249202186241,6.0,28.0,17.0,6.0,0.31048936470999355,2.0,-4.0
1.2161255764475076,2.0,75.0,10.0,7.0,0.1703499431947857,5.0,-4.0
9.485987184362404,7.0,27.0,13.0,8.0,0.809482644345637,3.0,-5.0
14.59203162857492,15.0,16.0,5.0,0.0,0.5846120284456985,2.0,-1.0
52.677764115174604,16.0,31.0,28.0,1.0,0.21249282459248098,5.0,-2.0
8.112653613373052,9.0,66.0,32.0,3.0,0.919098381618978,5.0,-5.0
61.51466973185925,64.0,58.0,32.0,3.0,0.70571354726796,1.0,-4.0
28.209788973060952,25.0,21.0,7.0,5.0,0.7481408140516286,1.0,-1.0
0.5859043082453582,2.0,12.0,11.0,2.0,0.8152519071622947,3.0,-4.0
17.061938290848126,18.0,55.0,21.0,7.0,0.08973008337776378,1.0,-1.0
16.67689404643755,18.0,61.0,28.0,2.0,0.2881913391354307,2.0,-3.0
1.1594282923596146,2.0,12.0,9.0,0.0,0.5979136901306389,5.0,-1.0
6.368099550306065,7.0,43.0,25.0,3.0,0.9566472445117037,3.0,-1.0
112.93903149447411,103.0,98.0,84.0,1.0,0.1807271727539359,5.0,-2.0
18.509593953139788,19.0,99.0,56.0,8.0,0.2344583740237609,2.0,-4.0
1.3360230587738509,2.0,34.0,5.0,0.0,0.13972773588796505,4.0,-5.0
0.2518172686846315,2.0,22.0,21.0,3.0,0.8285222555913289,5.0,-1.0
3.8220563209678162,6.0,50.0,9.0,6.0,0.6430164420371313,1.0,-4.0
9.353244391183756,11.0,58.0,33.0,7.0,0.37003598408221394,1.0,-5.0
11.96989772261702,13.0,35.0,14.0,9.0,0.9590668258916515,2.0,-4.0
15.246818427863037,16.0,59.0,25.0,10.0,0.33603136537447476,3.0,-3.0
7.488548465151433,8.0,34.0,23.0,1.0,0.8229698341491853,2.0,-1.0
36.18058615285643,37.0,43.0,13.0,10.0,0.9145869814443501,1.0,-1.0
10.76277529928099,12.0,28.0,13.0,6.0,0.5984231432621769,3.0,-1.0
28.186791489517812,20.0,51.0,6.0,4.0,0.7192984913996666,3.0,-2.0
31.451604834069684,32.0,37.0,11.0,2.0,0.9133334393772448,1.0,-1.0
18.406177022374287,19.0,81.0,59.0,1.0,0.1414806568333371,2.0,-4.0
9.518982971298527,10.0,65.0,54.0,10.0,0.8311171273899115,2.0,-3.0
16.24766137468669,18.0,92.0,39.0,5.0,0.15123185817405438,3.0,-3.0
12.326545280806673,13.0,57.0,40.0,5.0,0.03211988107491004,2.0,-3.0
51.652216945474365,41.0,39.0,27.0,10.0,0.24646460775407786,4.0,-1.0
4.787938252095643,6.0,99.0,96.0,3.0,0.5421914988625792,2.0,-1.0
0.7679627149744209,3.0,33.0,32.0,9.0,0.38369109170300186,5.0,-1.0
11.445174993533918,13.0,96.0,69.0,1.0,0.7265121185019591,4.0,-2.0
13.942230947302603,15.0,76.0,30.0,0.0,0.23103300223803058,4.0,-4.0
16.758913217425352,18.0,77.0,58.0,0.0,0.06739438256284458,4.0,-4.0
5.592883538527298,6.0,32.0,24.0,7.0,0.21782478110315817,4.0,-5.0
28.65045646178513,29.0,67.0,64.0,8.0,0.009081271883437214,3.0,-2.0
12.190173741286067,13.0,50.0,16.0,5.0,0.8654590776836348,4.0,-5.0
305.33709908397645,151.0,95.0,32.0,10.0,0.3151899047170219,5.0,-2.0
31.336567574536158,20.0,38.0,37.0,6.0,0.3369134699020626,1.0,-2.0
23.994096490182898,22.0,33.0,21.0,0.0,0.7500205033413793,2.0,-4.0
65.10329013599724,66.0,70.0,20.0,8.0,0.3536020680231451,4.0,-1.0
65.81190724213185,66.0,71.0,37.0,7.0,0.2720777192368433,1.0,-1.0
80.27843948488356,19.0,61.0,60.0,10.0,0.4221459704485552,4.0,-4.0
137.00829605345592,137.0,92.0,9.0,2.0,0.802901365796186,1.0,-1.0
20.0769891075341,21.0,81.0,26.0,6.0,0.8599393990880428,4.0,-5.0
132.44743633721524,48.0,92.0,4.0,1.0,0.3806306458877007,5.0,-2.0
166.18145196641456,148.0,65.0,11.0,0.0,0.3312365028723444,3.0,-1.0
26.402566258795787,27.0,83.0,20.0,0.0,0.8976886147005507,3.0,-3.0
9.231600486941156,10.0,54.0,20.0,6.0,0.811857381271083,5.0,-2.0
29.378202084194566,30.0,40.0,17.0,7.0,0.6957233456125449,2.0,-2.0
21.54294086607611,22.0,48.0,14.0,2.0,0.9156486406509164,2.0,-3.0
14.821913539563512,16.0,41.0,16.0,0.0,0.4801293122967579,1.0,-3.0
16.855190677263156,17.0,63.0,37.0,9.0,0.8856378800133177,2.0,-2.0
11.174481354410075,12.0,69.0,35.0,9.0,0.16831752241147757,1.0,-3.0
3.088043152469331,4.0,16.0,9.0,7.0,0.7253901094613528,1.0,-5.0
1.4179125643650468,3.0,28.0,23.0,8.0,0.9323300750755432,4.0,-3.0
4.207503150872983,6.0,80.0,59.0,0.0,0.9987262294789748,5.0,-2.0
1.0973513103951331,2.0,32.0,29.0,9.0,0.8417319471418596,4.0,-4.0
1.3931133018941768,3.0,86.0,85.0,6.0,0.6794541762397086,2.0,-2.0
21.940812081865975,22.0,94.0,10.0,8.0,0.9809424235761476,4.0,-5.0
200.31436817851372,172.0,78.0,49.0,6.0,0.19079540679291673,5.0,-1.0
7.018845138332271,5.0,24.0,6.0,3.0,0.4287632095956453,3.0,-3.0
5.9937243703950145,7.0,56.0,22.0,1.0,0.09926707662014156,1.0,-4.0
1.4663236320050657,2.0,14.0,8.0,7.0,0.899096236255956,5.0,-4.0
42.95399831886912,43.0,93.0,84.0,3.0,0.264282711824938,4.0,-4.0
1.2864341478414603,1.0,9.0,6.0,5.0,0.666503455990516,5.0,-3.0
10.412370316200992,12.0,71.0,38.0,3.0,0.27310226622875344,1.0,-5.0
0.46246645200396447,2.0,21.0,20.0,10.0,0.7905797521456905,3.0,-1.0
64.22967862113374,65.0,71.0,39.0,4.0,0.48502685595729256,1.0,-2.0
19.600554682545607,20.0,76.0,28.0,8.0,0.8622275718393858,3.0,-1.0
32.91150327747369,28.0,44.0,27.0,7.0,0.35950524591736055,5.0,-2.0
2.441227645547302,3.0,28.0,19.0,8.0,0.868666970342386,5.0,-5.0
8.237252892025431,9.0,43.0,21.0,10.0,0.1661508349874382,2.0,-2.0
26.558828093388716,32.0,91.0,11.0,5.0,0.7548172835118913,1.0,-4.0
39.50692858485727,41.0,93.0,38.0,6.0,0.5653601447058627,4.0,-2.0
20.550460692217857,9.0,19.0,12.0,4.0,0.2684523871928779,4.0,-2.0
5.70150593601754,6.0,78.0,14.0,8.0,0.1353780645892464,5.0,-2.0
4.5869726224756775,5.0,20.0,9.0,3.0,0.710899538646111,5.0,-4.0
29.25549089214599,31.0,44.0,29.0,0.0,0.5025448525563927,3.0,-2.0
3.586753509017324,5.0,66.0,57.0,2.0,0.688654115670809,5.0,-3.0
1.888195062326245,1.0,6.0,5.0,0.0,0.2613298335207175,4.0,-5.0
5.208861799735412,6.0,19.0,12.0,0.0,0.4687727288274598,4.0,-1.0
0.7889588764854022,2.0,22.0,2.0,0.0,0.41083560465798974,1.0,-5.0
325.62066594508946,104.0,74.0,38.0,4.0,0.5565120032708184,3.0,-4.0
16.58526692768537,18.0,72.0,30.0,8.0,0.8369297828751483,4.0,-5.0
20.737220837618164,22.0,95.0,39.0,7.0,0.616743048956153,5.0,-1.0
38.872913549309686,41.0,46.0,19.0,3.0,0.7176804693082537,1.0,-4.0
101.29497471944809,93.0,76.0,20.0,5.0,0.141986271544163,5.0,-1.0
17.538159030165787,18.0,78.0,53.0,2.0,0.023013776527519902,1.0,-3.0
3.5317025886395275,4.0,43.0,35.0,0.0,0.8950280575612333,3.0,-4.0
15.507968531368464,16.0,51.0,37.0,2.0,0.3047884172922357,4.0,-5.0
19.22217647796098,18.0,34.0,33.0,1.0,0.11175205130578691,1.0,-2.0
9.792892856599288,10.0,40.0,6.0,3.0,0.7817008065787204,5.0,-2.0
12.441117596237685,14.0,39.0,15.0,2.0,0.5858174286087905,4.0,-1.0
8.939411899968785,10.0,30.0,11.0,1.0,0.8750599226470103,3.0,-4.0
21.125371170030956,22.0,86.0,32.0,4.0,0.9445210131775454,3.0,-5.0
0.6838242129077077,1.0,3.0,2.0,1.0,0.8655910324335667,2.0,-2.0
1.5803287528858383,2.0,97.0,94.0,1.0,0.8622923983792692,3.0,-5.0
42.52868886148679,43.0,93.0,75.0,1.0,0.1574997608055434,5.0,-3.0
0.5346357072744615,1.0,9.0,8.0,7.0,0.16136678639475954,4.0,-3.0
4.212994213680448,5.0,25.0,12.0,1.0,0.7872990440909476,5.0,-4.0
21.118482323002773,21.0,72.0,69.0,7.0,0.17736382874076084,2.0,-4.0
12.4554775716399,14.0,85.0,45.0,8.0,0.11437993367275201,5.0,-4.0
3.4150979215118062,4.0,18.0,12.0,7.0,0.9652720335193995,2.0,-5.0
7.198589658257578,9.0,51.0,30.0,4.0,0.7917238097591891,5.0,-5.0
4.84042448712885,7.0,82.0,9.0,2.0,0.44423073021246207,3.0,-5.0
25.861095428514844,28.0,83.0,17.0,2.0,0.4885683094268932,3.0,-4.0
2.1839820809247983,3.0,22.0,12.0,7.0,0.38722913240054935,2.0,-5.0
11.453857383892776,12.0,82.0,48.0,3.0,0.11902139658904409,4.0,-5.0
24.10703310908285,26.0,95.0,26.0,5.0,0.2822212307817361,2.0,-2.0
10.971571923197736,12.0,69.0,22.0,5.0,0.8806330324862199,5.0,-1.0
1.3798968267651945,3.0,90.0,11.0,8.0,0.35324055195554804,3.0,-5.0
5.321535070667339,6.0,47.0,29.0,5.0,0.7689260915712948,5.0,-2.0
3.4992978456269856,5.0,61.0,10.0,5.0,0.44639274003753293,3.0,-5.0
11.330614657028438,4.0,15.0,14.0,3.0,0.25364736012824507,5.0,-3.0
25.44364123377123,27.0,40.0,29.0,2.0,0.4847077826643478,1.0,-3.0
26.3787923565571,27.0,55.0,49.0,4.0,0.3235210373569837,1.0,-3.0
0.6323052215190974,3.0,39.0,10.0,9.0,0.3798317004778299,4.0,-5.0
16.636422541597167,18.0,82.0,41.0,0.0,0.362218264538159,2.0,-5.0
27.505429837609345,28.0,93.0,40.0,2.0,0.15461365061053345,2.0,-2.0
0.9764870085449069,2.0,10.0,9.0,3.0,0.8048158329295401,2.0,-3.0
5.662735317616182,7.0,34.0,17.0,4.0,0.24346995196679322,3.0,-4.0
15.26776023284292,16.0,31.0,16.0,7.0,0.997077062726082,1.0,-5.0
28.19318086418553,29.0,76.0,27.0,1.0,0.9345022315506608,2.0,-2.0
13.079353848616883,9.0,19.0,15.0,8.0,0.36620134142291294,2.0,-2.0
55.22418756958898,55.0,69.0,63.0,3.0,0.478379888231072,1.0,-3.0
5.783372029721921,7.0,30.0,16.0,6.0,0.18155784873777603,4.0,-3.0
34.86502131843031,37.0,81.0,30.0,9.0,0.5771306889226941,4.0,-2.0
7.170013288594162,8.0,89.0,29.0,5.0,0.13054517379546648,1.0,-4.0
2.218571238543722,3.0,52.0,45.0,1.0,0.8591972976712424,4.0,-2.0
752.7566724328876,88.0,84.0,13.0,4.0,0.727759998226733,2.0,-5.0
7.557764329157107,8.0,97.0,68.0,7.0,0.806185593538574,5.0,-1.0
22.99282579839684,6.0,19.0,10.0,5.0,0.6273466346099978,3.0,-4.0
6.649867811091885,7.0,39.0,25.0,2.0,0.0601427367784777,5.0,-4.0
621.0493818841614,173.0,96.0,76.0,5.0,0.2693824811288188,5.0,-2.0
10.78947464523237,12.0,79.0,50.0,10.0,0.18466903672016377,2.0,-5.0
5.9552976655314565,7.0,92.0,77.0,3.0,0.8796914462738861,3.0,-1.0
3.230443651465607,4.0,25.0,20.0,7.0,0.16263082295718734,1.0,-5.0
4.027456962824484,2.0,10.0,9.0,3.0,0.4387782707741166,3.0,-5.0
15.646605778670207,17.0,76.0,42.0,6.0,0.6345990495440172,4.0,-1.0
15.189747402039929,16.0,49.0,42.0,1.0,0.04297299153907452,4.0,-3.0
65.28650279074613,20.0,51.0,45.0,9.0,0.5560730425487297,3.0,-5.0
3.522315807031283,4.0,16.0,4.0,2.0,0.9152642205305254,4.0,-3.0
31.70530776004142,33.0,88.0,49.0,2.0,0.581119772314773,5.0,-4.0
3.172099844268097,4.0,63.0,9.0,0.0,0.032552539841217865,2.0,-3.0
29.874082166437194,30.0,42.0,24.0,6.0,0.13249034285843753,2.0,-1.0
0.850166427760691,1.0,14.0,12.0,9.0,0.18390989369253607,3.0,-5.0
13.149228720730251,14.0,69.0,57.0,7.0,0.03949912102185693,1.0,-4.0
18.60655964816044,18.0,56.0,55.0,5.0,0.04468223691404827,4.0,-3.0
310.96724877335333,100.0,76.0,67.0,7.0,0.30117560598601245,4.0,-2.0
135.99343674995222,137.0,85.0,57.0,0.0,0.2904310628431117,1.0,-1.0
86.85376556202735,87.0,67.0,41.0,4.0,0.2869982967314403,1.0,-1.0
4140.714794691839,72.0,54.0,34.0,7.0,0.6674716806554607,2.0,-4.0
3.0726089362572213,4.0,52.0,44.0,4.0,0.9339417612179054,3.0,-3.0
1.7378248898091702,1.0,10.0,9.0,6.0,0.5456173482924557,1.0,-5.0
4.700444056211207,6.0,27.0,17.0,8.0,0.02132182128051696,2.0,-2.0
6.440160061193183,8.0,51.0,26.0,9.0,0.9852363870318193,4.0,-4.0
5.753951848248307,6.0,24.0,22.0,7.0,0.07861920309373127,2.0,-3.0
2.6110878598666005,4.0,41.0,36.0,3.0,0.7287276671968679,3.0,-1.0
251.15361332949664,163.0,99.0,25.0,0.0,0.6135200565212409,3.0,-4.0
12.386817892210676,14.0,65.0,39.0,8.0,0.5165009316927398,5.0,-1.0
1.0165232364594048,2.0,30.0,29.0,0.0,0.9972908905134072,1.0,-5.0
17.98843212362112,19.0,40.0,16.0,1.0,0.4332261544873266,2.0,-3.0
0.9117577463452312,1.0,5.0,4.0,2.0,0.5161304275557271,4.0,-2.0
1128.6595387546865,592.0,93.0,35.0,0.0,0.7422474407032839,1.0,-3.0
230.66929170970448,226.0,86.0,72.0,10.0,0.24373897721645799,2.0,-1.0
159.59327849365502,71.0,96.0,21.0,9.0,0.5587430754508419,4.0,-4.0
9.003092393528863,10.0,42.0,26.0,10.0,0.9628611907374606,2.0,-4.0
7.871775793743448,9.0,52.0,23.0,5.0,0.2855582511571161,2.0,-4.0
0.421536813822317,2.0,92.0,6.0,4.0,0.036493701000919976,2.0,-5.0
3.5261090852564942,5.0,21.0,4.0,1.0,0.6298407719407367,1.0,-4.0
6.017946976299904,7.0,53.0,23.0,5.0,0.11210519189262369,5.0,-4.0
7.496202317528967,8.0,83.0,39.0,4.0,0.047281304825192993,2.0,-5.0
4.249012493759825,5.0,14.0,13.0,4.0,0.41178293399298604,2.0,-1.0
3.4137391310312872,4.0,14.0,8.0,6.0,0.2070660757555013,1.0,-1.0
19.114585724594082,11.0,21.0,13.0,6.0,0.3267575023507484,3.0,-2.0
1.357729388639326,2.0,37.0,34.0,5.0,0.8682618967989522,3.0,-3.0
6.753377010557857,8.0,68.0,54.0,7.0,0.8841296172661687,3.0,-5.0
11.346553599673937,12.0,89.0,37.0,7.0,0.9536543756383369,5.0,-4.0
3.212714411992985,4.0,17.0,15.0,3.0,0.037834390792307215,3.0,-4.0
16.12438701679571,17.0,80.0,52.0,3.0,0.2801606841243467,2.0,-5.0
2.200930290261219,4.0,94.0,2.0,0.0,0.2987561922695212,4.0,-3.0
62.24079861164099,63.0,37.0,23.0,0.0,0.31523373323411796,1.0,-1.0
92.32817765352588,95.0,92.0,47.0,1.0,0.6218479589429043,2.0,-2.0
33.05304650627589,31.0,83.0,9.0,3.0,0.7484036282877645,4.0,-3.0
1.7668641953727808,3.0,63.0,60.0,0.0,0.6744808412350909,3.0,-1.0
42.59735658449764,41.0,62.0,58.0,2.0,0.17134110840354377,2.0,-2.0
34.9715349352224,30.0,73.0,15.0,9.0,0.6654988125441902,4.0,-3.0
18.27942922513541,19.0,77.0,38.0,9.0,0.23558620054245538,3.0,-3.0
23.506581834030285,22.0,86.0,84.0,9.0,0.0899338060125634,5.0,-4.0
73.06394922309683,74.0,100.0,75.0,0.0,0.3245006563999091,1.0,-2.0
128.86455328997823,65.0,85.0,75.0,5.0,0.4320992485783871,4.0,-4.0
230.24638522131085,188.0,69.0,50.0,6.0,0.770630074150499,1.0,-3.0
18.977898749713148,20.0,60.0,42.0,7.0,0.8497816722598519,2.0,-5.0
18.90703530519101,20.0,67.0,11.0,4.0,0.7923720889718227,4.0,-1.0
1496.399915616206,315.0,100.0,43.0,0.0,0.6618773943659425,2.0,-4.0
47.613198889383035,48.0,47.0,33.0,4.0,0.0651541985680133,5.0,-1.0
14.286568528955796,15.0,84.0,74.0,7.0,0.05171340521453838,1.0,-5.0
1.492399527816559,3.0,26.0,22.0,6.0,0.9200618576736221,3.0,-1.0
124.76657344036406,127.0,90.0,48.0,0.0,0.33415715612338104,3.0,-1.0
0.48635683985979977,2.0,85.0,6.0,5.0,0.188779300281552,2.0,-3.0
16.02149256191642,17.0,29.0,5.0,1.0,0.8326625917706056,2.0,-1.0
7.173782610302386,6.0,21.0,15.0,2.0,0.6909112632949099,3.0,-4.0
355.11575652665226,246.0,44.0,13.0,5.0,0.543647739406451,1.0,-1.0
630.1947673218172,525.0,94.0,48.0,0.0,0.7309582677891833,1.0,-3.0
14.542687359014533,16.0,63.0,40.0,7.0,0.6453877201682235,3.0,-1.0
13.339962344331921,10.0,26.0,8.0,4.0,0.55822152436145,4.0,-2.0
64.51585981775607,19.0,49.0,11.0,10.0,0.798428922543436,2.0,-5.0
5.04146022285516,6.0,32.0,18.0,1.0,0.23256587098284653,2.0,-5.0
11.17559069300702,12.0,55.0,20.0,6.0,0.218408724596988,5.0,-3.0
85.68832586528633,83.0,80.0,76.0,4.0,0.38658183880188546,1.0,-2.0
59.45612522636276,60.0,60.0,13.0,4.0,0.5968329577542011,2.0,-1.0
0.8591600959238554,3.0,63.0,8.0,7.0,0.2295090716002267,5.0,-3.0
136.50478807532158,138.0,91.0,60.0,2.0,0.40903275369089276,2.0,-1.0
103.70929785253514,84.0,89.0,28.0,5.0,0.5735228196303289,4.0,-4.0
4.735042975747927,6.0,86.0,18.0,0.0,0.11985561499245323,5.0,-5.0
8.300176852880625,6.0,29.0,28.0,4.0,0.3514158909824784,1.0,-5.0
5.258676782273201,6.0,91.0,18.0,7.0,0.18164380678118186,2.0,-3.0
24.46047563854609,26.0,88.0,18.0,9.0,0.6436265933281795,5.0,-1.0
8.944030089536524,10.0,52.0,12.0,5.0,0.9120428114166593,5.0,-1.0
9.646877906275064,11.0,72.0,30.0,2.0,0.8922900308274867,5.0,-1.0
28.250611822636575,22.0,43.0,22.0,8.0,0.3577765016312111,4.0,-3.0
5.175598029660774,6.0,63.0,27.0,4.0,0.06950863774124338,3.0,-5.0
15.505259454220766,16.0,34.0,23.0,7.0,0.3226973606979414,1.0,-2.0
3.9655701700359574,5.0,22.0,16.0,7.0,0.28841084576755016,2.0,-4.0
3.990183251030478,5.0,17.0,3.0,0.0,0.7869443982619972,5.0,-2.0
0.20227571486505974,1.0,6.0,5.0,4.0,0.9906245341637696,5.0,-1.0
11.102882987365865,13.0,47.0,18.0,4.0,0.8264917773271088,4.0,-4.0
50.650965612281816,51.0,85.0,55.0,1.0,0.7961444035405084,1.0,-1.0
10.285553088690692,12.0,90.0,26.0,6.0,0.38194063523440147,3.0,-5.0
10.584938633780643,13.0,55.0,46.0,10.0,0.4071806758557527,5.0,-2.0
0.37564667886068165,1.0,5.0,3.0,2.0,0.16724050275349434,4.0,-4.0
70.1192637689802,56.0,34.0,30.0,8.0,0.5285228322788633,1.0,-1.0
29.000593006162372,30.0,84.0,56.0,1.0,0.034495685561636846,1.0,-2.0
78.9733984095403,78.0,81.0,4.0,3.0,0.9958353098442367,1.0,-5.0
5.991524001101949,7.0,38.0,20.0,9.0,0.36067885238166164,2.0,-4.0
12.093390482858846,15.0,87.0,78.0,0.0,0.46802602124644643,5.0,-3.0
10.584297591073037,12.0,54.0,23.0,9.0,0.7041238580515711,5.0,-2.0
2.1118012234868764,3.0,99.0,94.0,10.0,0.7075163422049052,5.0,-4.0
29.385359665910897,31.0,81.0,33.0,5.0,0.6259407199356843,5.0,-4.0
8.933693626328429,5.0,10.0,6.0,4.0,0.4825810453215613,2.0,-1.0
9.711793363277222,12.0,53.0,6.0,1.0,0.3712905069905451,2.0,-2.0
106.15370656836413,103.0,85.0,32.0,10.0,0.5585506701344776,2.0,-3.0
0.763453950987714,1.0,9.0,4.0,3.0,0.09859475784712057,5.0,-2.0
271.01330876387635,15.0,40.0,31.0,5.0,0.43378486133369076,5.0,-4.0
31.313475328581454,31.0,39.0,33.0,9.0,0.058389201867878104,3.0,-1.0
20.20536250460828,19.0,39.0,8.0,1.0,0.5048923097443616,5.0,-2.0
5.288164049851234,7.0,27.0,8.0,3.0,0.4363560382105809,3.0,-4.0
1213.5427159987555,218.0,48.0,31.0,6.0,0.6597997198147176,1.0,-2.0
5.229239483883261,6.0,41.0,24.0,4.0,0.019483562642950036,5.0,-4.0
11.343920543357891,12.0,53.0,30.0,6.0,0.2691899039884217,3.0,-4.0
17.366701801916655,12.0,31.0,18.0,9.0,0.41362781389875336,3.0,-3.0
2.5091704164098614,2.0,13.0,12.0,5.0,0.7330896826470378,2.0,-4.0
3.625477357029856,3.0,14.0,7.0,2.0,0.4526089081653991,3.0,-5.0
15.232678843273895,11.0,29.0,6.0,0.0,0.650991169948783,5.0,-5.0
10.616539346254168,12.0,63.0,38.0,9.0,0.6693520386520861,5.0,-3.0
0.8812980054480904,2.0,100.0,99.0,3.0,0.7115633205484435,2.0,-1.0
5.037523245081257,6.0,42.0,35.0,7.0,0.8982619586200734,2.0,-4.0
10.262189614908296,9.0,23.0,17.0,3.0,0.519395532457996,2.0,-5.0
9.857918500381263,10.0,67.0,7.0,5.0,0.4492793534476206,2.0,-2.0
5.500158356289915,6.0,61.0,59.0,1.0,0.7878752980334844,1.0,-2.0
31.244341582286847,32.0,49.0,25.0,10.0,0.8840695432290077,1.0,-1.0
38.24920463852257,39.0,58.0,20.0,1.0,0.6644949035247687,2.0,-1.0
6.755060231891698,8.0,42.0,14.0,3.0,0.2285985216419123,3.0,-3.0
151.31877998308315,51.0,66.0,61.0,4.0,0.43721863207552913,3.0,-3.0
6.002506102579979,7.0,28.0,17.0,3.0,0.2084551069014623,4.0,-4.0
116.66591675065457,89.0,43.0,33.0,3.0,0.6857138724926025,1.0,-3.0
2.6536380018050862,4.0,24.0,11.0,4.0,0.9873668710255977,5.0,-3.0
46.59267160622151,35.0,62.0,56.0,0.0,0.2247617810122463,5.0,-3.0
63.92591585010016,65.0,93.0,73.0,9.0,0.33294703121618907,1.0,-2.0
148.46728619564817,147.0,71.0,21.0,3.0,0.33419363160937465,3.0,-1.0
32.164003081379576,33.0,85.0,45.0,7.0,0.4546387548227866,1.0,-3.0
14.307704000433404,16.0,54.0,29.0,2.0,0.44470068114370787,2.0,-5.0
4.019424338282933,5.0,72.0,57.0,7.0,0.7886462810579107,5.0,-1.0
53.0917789597764,54.0,81.0,67.0,2.0,0.35514099819768497,2.0,-3.0
9.652216117806727,11.0,42.0,20.0,10.0,0.7132115521707959,4.0,-2.0
102.31434416020542,103.0,88.0,61.0,9.0,0.8159731541594084,1.0,-3.0
11.499698888620241,6.0,22.0,21.0,5.0,0.5217318443731928,1.0,-4.0
1.8726283039349432,3.0,6.0,4.0,0.0,0.4136035214033037,4.0,-1.0
36.43682290658944,37.0,52.0,35.0,8.0,0.05179827522713476,4.0,-1.0
11.16570292646308,12.0,73.0,42.0,7.0,0.9440897542269594,3.0,-1.0
47.83583555544404,46.0,97.0,90.0,2.0,0.4514821398220117,2.0,-5.0
11.771222968236552,13.0,57.0,31.0,3.0,0.07766470956803773,5.0,-3.0
8.701397948104466,9.0,46.0,22.0,5.0,0.9596962492528421,3.0,-3.0
6.2184099040149725,7.0,29.0,8.0,5.0,0.10351231114362458,4.0,-1.0
9.287774004847913,10.0,94.0,54.0,8.0,0.9133421256148313,5.0,-3.0
59.752562739600464,60.0,88.0,71.0,6.0,0.5588829355600369,2.0,-5.0
61.6142913447671,33.0,51.0,31.0,8.0,0.32833874759813864,5.0,-3.0
1.4712752256810584,2.0,90.0,11.0,6.0,0.26693126335517514,1.0,-5.0
22.053769507284134,23.0,99.0,40.0,10.0,0.8528088461275062,4.0,-5.0
55.14504296935883,57.0,64.0,15.0,1.0,0.3777131628212773,4.0,-1.0
14.425840993114662,16.0,78.0,53.0,10.0,0.0027482723485726668,4.0,-3.0
13.737881803723566,14.0,35.0,26.0,3.0,0.5221604042289277,4.0,-3.0
6.325917800645549,8.0,32.0,29.0,9.0,0.49141316167033,2.0,-1.0
28.21759070888441,29.0,80.0,41.0,9.0,0.5955291452976592,3.0,-1.0
10.788408025034622,7.0,20.0,10.0,9.0,0.7268269795302632,1.0,-3.0
2.2877821849788282,3.0,69.0,9.0,0.0,0.17767650994833895,1.0,-5.0
0.2435209425550255,1.0,6.0,5.0,4.0,0.8723461431565389,5.0,-2.0
20.61790283956291,22.0,91.0,54.0,3.0,0.36091736531212193,2.0,-5.0
5.132644108791718,6.0,46.0,22.0,3.0,0.9594940612307978,5.0,-3.0
34.17664205372509,35.0,77.0,62.0,5.0,0.11073141796282016,1.0,-2.0
46.75432114197288,48.0,72.0,49.0,6.0,0.4160597824982748,2.0,-3.0
1.7229416511978588,3.0,100.0,92.0,2.0,0.9554027079528546,5.0,-3.0
14.899182886641489,12.0,37.0,35.0,7.0,0.520117051462549,1.0,-5.0
27.767857630273078,29.0,82.0,48.0,9.0,0.1984994723121718,1.0,-2.0
13.495757023347776,14.0,50.0,13.0,3.0,0.8601780457203424,4.0,-5.0
3.878405449485631,5.0,30.0,15.0,3.0,0.27227784878184613,2.0,-5.0
0.467145605208045,1.0,9.0,8.0,7.0,0.17186796200099264,2.0,-3.0
8.092785624310025,9.0,37.0,23.0,10.0,0.4242038742360058,3.0,-5.0
1.3237853049288983,3.0,72.0,71.0,0.0,0.5851365011825466,2.0,-1.0
46.881949592907134,48.0,46.0,26.0,9.0,0.47553447310153274,2.0,-1.0
60.41088116371654,61.0,100.0,79.0,5.0,0.6210884992794804,3.0,-4.0
106.62756947276472,33.0,54.0,42.0,10.0,0.33748624985284226,5.0,-3.0
3.3297714398381397,4.0,74.0,12.0,1.0,0.13929399066893855,1.0,-4.0
30.408619582090108,32.0,100.0,31.0,1.0,0.6965659406527805,5.0,-4.0
69.99548527482423,74.0,94.0,36.0,4.0,0.757137942839318,1.0,-5.0
19.19873861718566,21.0,64.0,42.0,6.0,0.571767624012935,5.0,-4.0
187.34817787375468,180.0,85.0,41.0,9.0,0.16583900589461475,4.0,-1.0
17.45303440910554,18.0,96.0,63.0,3.0,0.9781577372331696,2.0,-3.0
13.152736434880637,14.0,45.0,40.0,3.0,0.23737943532606365,1.0,-4.0
24.39699088541486,25.0,81.0,21.0,5.0,0.08604535416737391,3.0,-1.0
6.92682142010572,8.0,30.0,15.0,0.0,0.40492922695989586,2.0,-5.0
44.31868333778525,45.0,76.0,69.0,0.0,0.5738490902580133,1.0,-5.0
8.631882329527862,10.0,51.0,30.0,4.0,0.7388068866540537,4.0,-2.0
2.620042276456829,5.0,45.0,40.0,9.0,0.7385457691336219,4.0,-4.0
91.87806486884091,27.0,40.0,38.0,3.0,0.40476508171465164,2.0,-2.0
1.6607943873187816,3.0,38.0,32.0,2.0,0.8612728972239914,5.0,-5.0
28.437904141865932,27.0,67.0,60.0,10.0,0.46311188982860474,2.0,-5.0
8.881477415329789,10.0,98.0,74.0,10.0,0.925563278429753,3.0,-1.0
54.88248332179448,22.0,18.0,10.0,2.0,0.28644149970899324,3.0,-1.0
84.0008487124917,29.0,57.0,2.0,1.0,0.609125881549617,3.0,-3.0
112.08520537009412,83.0,54.0,35.0,9.0,0.8615856495619618,1.0,-5.0
8.631090120611953,8.0,18.0,5.0,4.0,0.8353942865592621,2.0,-1.0
8.50950105843748,10.0,74.0,41.0,8.0,0.984752275329928,4.0,-4.0
9.891438585914711,10.0,82.0,76.0,0.0,0.8688617248099761,1.0,-2.0
164.53497066882528,142.0,63.0,21.0,3.0,0.2510529765547985,4.0,-1.0
10.771451055507884,12.0,59.0,20.0,2.0,0.9241364194856125,4.0,-1.0
224.9654921443935,226.0,94.0,70.0,8.0,0.5533415142278703,1.0,-1.0
12.695444424022707,7.0,17.0,11.0,8.0,0.19092369081772143,3.0,-1.0
8.658035527946783,9.0,28.0,13.0,4.0,0.7887491038735509,3.0,-3.0
6.463746950506461,8.0,43.0,23.0,7.0,0.36066508166871636,2.0,-5.0
11.488523780054459,9.0,33.0,16.0,9.0,0.7199708385850637,4.0,-5.0
13.384986849190325,15.0,85.0,40.0,8.0,0.4348769587829203,1.0,-5.0
2.3730093600565825,1.0,11.0,10.0,7.0,0.2169728104270695,5.0,-3.0
18.87439888884262,19.0,67.0,50.0,5.0,0.9503454679568458,1.0,-1.0
2240.9001234733655,363.0,86.0,74.0,1.0,0.24185595118281633,3.0,-1.0
20.322317999313924,21.0,33.0,20.0,0.0,0.003965074251431444,3.0,-1.0
47.65476293539119,49.0,83.0,63.0,7.0,0.27496045480334586,1.0,-2.0
19.240666918592208,20.0,73.0,54.0,8.0,0.2298900686712363,3.0,-4.0
171.25524431277168,63.0,54.0,10.0,4.0,0.6513852877049893,2.0,-3.0
19.5617817145552,20.0,64.0,20.0,1.0,0.8498567731922009,3.0,-2.0
3.8790899782415553,5.0,31.0,18.0,3.0,0.7939126854790398,5.0,-3.0
8.430995691706622,10.0,99.0,74.0,8.0,0.8706561021106903,4.0,-4.0
12.444039082978847,6.0,31.0,9.0,6.0,0.3941315312267123,4.0,-3.0
137.7447785471682,92.0,57.0,32.0,7.0,0.4362990165778795,3.0,-2.0
2.1301349076196283,3.0,59.0,54.0,6.0,0.8694538343195711,3.0,-2.0
11.130259617154026,12.0,28.0,21.0,0.0,0.5188752595426934,1.0,-5.0
21.45919360881007,22.0,65.0,13.0,1.0,0.40679985294606313,3.0,-3.0
5.722876047558805,4.0,16.0,9.0,8.0,0.5557903028926328,3.0,-1.0
2.3695463602049562,3.0,13.0,10.0,2.0,0.8532130242634722,2.0,-3.0
9.319824217222845,10.0,66.0,30.0,10.0,0.12200525408683738,4.0,-3.0
409.548859746452,387.0,61.0,24.0,6.0,0.5451716554929568,1.0,-1.0
9.724904060192685,11.0,78.0,65.0,3.0,0.7789247043650671,2.0,-1.0
4.171912554980642,5.0,11.0,7.0,0.0,0.6597988111881122,3.0,-3.0
2.9140987257418054,4.0,26.0,15.0,7.0,0.8774752002336458,5.0,-5.0
4.1748413261320065,5.0,36.0,14.0,10.0,0.25523496920223065,5.0,-3.0
17.52222704139488,19.0,55.0,25.0,3.0,0.24920740506959915,4.0,-3.0
42.02832659153918,43.0,98.0,71.0,5.0,0.3470900789588399,3.0,-4.0
1.9545297810812614,2.0,13.0,11.0,9.0,0.6744213398296383,2.0,-1.0
6.508744720970427,7.0,51.0,27.0,8.0,0.965260772304182,4.0,-5.0
10.635267541713516,8.0,23.0,9.0,8.0,0.8632749941661434,2.0,-3.0
72.39196879495786,7.0,23.0,7.0,4.0,0.6030027131981966,3.0,-4.0
5.9634223208333585,2.0,15.0,13.0,9.0,0.5838444727037423,2.0,-2.0
62.64806900936594,64.0,90.0,48.0,4.0,0.5568039082668877,2.0,-1.0
0.7960295356352101,2.0,19.0,17.0,9.0,0.7520782647853332,4.0,-2.0
2.614097796176821,4.0,18.0,8.0,1.0,0.08055297221113311,1.0,-3.0
131.0103342614723,5.0,22.0,1.0,0.0,0.284623859194405,5.0,-2.0
147.5874670865059,142.0,65.0,27.0,1.0,0.8514948874049406,1.0,-4.0
6.0858211958774895,7.0,19.0,16.0,10.0,0.002820365341512976,4.0,-1.0
30.720961963944646,32.0,93.0,67.0,9.0,0.615442554940333,2.0,-1.0
65.17712842887006,8.0,37.0,9.0,7.0,0.34708550743611,5.0,-2.0
10.038461015991818,11.0,69.0,50.0,9.0,0.13081551424089588,2.0,-5.0
73.65396593200667,30.0,32.0,25.0,6.0,0.790339495505375,1.0,-5.0
28.01984095949675,28.0,92.0,16.0,8.0,0.8569293019894151,4.0,-5.0
79.79190259096201,55.0,93.0,10.0,9.0,0.7600514504130942,2.0,-2.0
6.528618788984232,7.0,72.0,24.0,2.0,0.1050368970049046,2.0,-4.0
46.32209306745484,49.0,57.0,31.0,6.0,0.7433834543285329,1.0,-5.0
10.766770158144345,11.0,50.0,44.0,3.0,0.8524233950655852,1.0,-2.0
169.30063923565572,142.0,51.0,23.0,10.0,0.3884620875747271,2.0,-1.0
10.21374131491497,11.0,75.0,53.0,4.0,0.020254150861975906,5.0,-5.0
121.72487536071537,121.0,42.0,20.0,5.0,0.43838564239417166,1.0,-1.0
22.288354333218013,12.0,30.0,18.0,7.0,0.5054853939838855,4.0,-3.0
44.592873386472284,45.0,87.0,42.0,10.0,0.09413218174522975,2.0,-1.0
11.28792755622823,12.0,74.0,40.0,5.0,0.1498903758660819,2.0,-4.0
1.0176515676954951,1.0,14.0,11.0,9.0,0.9895927634236533,3.0,-2.0
61.29578113631678,63.0,89.0,75.0,6.0,0.4685776952309749,1.0,-3.0
32.95408310618948,34.0,82.0,42.0,10.0,0.447661321505762,4.0,-5.0
26.063102795337418,9.0,29.0,27.0,0.0,0.5127894723798183,3.0,-3.0
25.322516148664345,10.0,29.0,22.0,1.0,0.4634109471906239,4.0,-5.0
4.035042596397849,5.0,23.0,14.0,6.0,0.2034738266633549,2.0,-3.0
0.614411568318416,2.0,36.0,4.0,1.0,0.01675420500051905,2.0,-5.0
8.432802854305503,8.0,13.0,6.0,1.0,0.08141546561954383,4.0,-1.0
59.26247988104749,60.0,64.0,11.0,5.0,0.6314421317185419,2.0,-1.0
9.697928159974541,11.0,97.0,20.0,1.0,0.22675762760204654,5.0,-4.0
131.43182597802496,42.0,46.0,19.0,4.0,0.26941034162074917,5.0,-2.0
8.2670304431116,5.0,29.0,28.0,5.0,0.5120962418958217,5.0,-5.0
38.088021960485236,37.0,64.0,52.0,5.0,0.2522880363477129,4.0,-3.0
4.80017232573375,6.0,21.0,12.0,10.0,0.9821332410966924,2.0,-5.0
43.11290974225504,44.0,78.0,46.0,6.0,0.9570395124156077,1.0,-5.0
15.095664874188873,16.0,67.0,13.0,8.0,0.9154371861067372,4.0,-1.0
9.064714424955978,10.0,56.0,15.0,5.0,0.9205054544083465,5.0,-1.0
343.00756475505426,42.0,41.0,29.0,0.0,0.48590895994732686,3.0,-3.0
19.463258952279126,21.0,77.0,44.0,7.0,0.34433136534204023,4.0,-5.0
30.418530711585255,13.0,25.0,9.0,5.0,0.5737002418826459,2.0,-3.0
4.664717609690417,5.0,35.0,27.0,10.0,0.9050006645190352,2.0,-1.0
2.809007012450618,4.0,25.0,15.0,8.0,0.07257374128634575,4.0,-3.0
11.545883966130035,12.0,15.0,12.0,0.0,0.32022285935541706,1.0,-2.0
12.523955923674045,14.0,64.0,43.0,6.0,0.005707738977477672,5.0,-3.0
4.826411007085595,6.0,33.0,15.0,10.0,0.9458958623115363,4.0,-1.0
0.32499512457088303,2.0,7.0,4.0,3.0,0.1846061528951367,1.0,-4.0
29.756584037613557,20.0,26.0,14.0,7.0,0.7529515888574326,1.0,-4.0
7.492661513186524,9.0,90.0,35.0,8.0,0.19949629661956536,2.0,-5.0
3.0146516024125725,4.0,74.0,14.0,3.0,0.0438942268155923,4.0,-4.0
53.49199481991856,48.0,52.0,48.0,0.0,0.5256673677921688,1.0,-3.0
692.9839854264965,11.0,33.0,31.0,6.0,0.2805605900351128,5.0,-2.0
44.84907479540317,44.0,74.0,68.0,7.0,0.12797655122976037,3.0,-2.0
24.05035635001079,25.0,76.0,15.0,6.0,0.756057492539486,4.0,-2.0
15.921284900539932,8.0,35.0,33.0,10.0,0.3194241219876355,4.0,-4.0
3.018725783682173,4.0,33.0,24.0,4.0,0.7962780752494852,4.0,-1.0
49.83090879543788,24.0,37.0,22.0,4.0,0.4715739985557297,4.0,-3.0
9.320863378809758,10.0,83.0,70.0,0.0,0.5986801455955911,3.0,-1.0
39.74268567024001,17.0,69.0,68.0,7.0,0.4950180536502098,2.0,-5.0
0.754841852445356,2.0,6.0,2.0,0.0,0.22507306364441793,2.0,-4.0
109.18775588294284,107.0,98.0,20.0,7.0,0.28572763549852853,5.0,-1.0
19.08583421357231,20.0,97.0,58.0,8.0,0.19717942607145011,3.0,-4.0
0.7229540039426011,2.0,93.0,9.0,6.0,0.14172640222392685,1.0,-5.0
48.215077063863234,47.0,54.0,37.0,3.0,0.21580439815895025,4.0,-2.0
21.350637536212858,22.0,72.0,64.0,1.0,0.2927526343139766,2.0,-5.0
9.596135789800403,11.0,63.0,41.0,7.0,0.7560842120188701,4.0,-3.0
2.2857601711443993,4.0,43.0,32.0,9.0,0.9791559324000241,5.0,-4.0
6.486232211407415,7.0,57.0,27.0,4.0,0.9464544729337547,5.0,-2.0
4.945442054117771,6.0,33.0,16.0,8.0,0.7767869546477543,5.0,-2.0
1.564941227636757,3.0,25.0,10.0,3.0,0.07528408129140929,2.0,-5.0
25.093068402149857,26.0,85.0,76.0,7.0,0.17860523475371726,3.0,-4.0
10.648687201453304,11.0,55.0,54.0,5.0,0.06641563614037782,1.0,-5.0
12.530825802725326,14.0,100.0,25.0,3.0,0.5407215993270076,1.0,-5.0
13.428396087182618,14.0,59.0,46.0,4.0,0.17445991721842447,1.0,-4.0
7.6517249320844085,9.0,63.0,42.0,6.0,0.04216835663049401,2.0,-5.0
7.00762708458704,6.0,9.0,5.0,2.0,0.5236022099786017,2.0,-1.0
37.28587458553898,38.0,95.0,69.0,9.0,0.26564572399677444,5.0,-4.0
9.577787188606404,10.0,56.0,25.0,7.0,0.1400814373202437,5.0,-3.0
0.2629533738681651,2.0,18.0,9.0,8.0,0.021893824626886826,5.0,-4.0
20.2423964609007,21.0,74.0,20.0,2.0,0.1586824603869127,5.0,-2.0
285.8316705479969,278.0,73.0,31.0,5.0,0.7156465434352528,1.0,-2.0
33.01018342718929,30.0,50.0,17.0,8.0,0.8570987866421292,2.0,-5.0
23.383075035454358,26.0,87.0,14.0,6.0,0.5315744401634936,2.0,-3.0
12.06937449880034,13.0,60.0,27.0,3.0,0.1685826593252543,3.0,-3.0
24.696577337563546,22.0,38.0,24.0,7.0,0.18737792940965858,5.0,-2.0
13.437360999189561,14.0,56.0,32.0,9.0,0.9286883290413819,2.0,-1.0
18.938392894969137,5.0,16.0,15.0,3.0,0.6732733018419137,1.0,-4.0
5.054416591752305,6.0,25.0,5.0,2.0,0.20322984408375244,1.0,-1.0
0.5336095658571348,2.0,19.0,17.0,10.0,0.9496117491025141,4.0,-1.0
0.7742758753654042,2.0,10.0,8.0,1.0,0.654722664774848,5.0,-2.0
10.161004527444222,4.0,17.0,15.0,8.0,0.38518195582773584,3.0,-3.0
18.78420589042731,20.0,90.0,58.0,6.0,0.038619480790331395,3.0,-3.0
31.879186707671572,7.0,24.0,12.0,7.0,0.4823458780266645,4.0,-3.0
1.6030910114231742,1.0,6.0,5.0,2.0,0.44694504209832786,2.0,-5.0
11.947550794493003,13.0,57.0,19.0,3.0,0.8361136379100456,4.0,-1.0
1.113482838186396,2.0,57.0,13.0,9.0,0.06794467131691229,2.0,-4.0
19.430157933468696,20.0,74.0,36.0,1.0,0.2996691262129161,1.0,-3.0
35.32533601687872,36.0,95.0,26.0,0.0,0.4213281180814341,1.0,-2.0
7.1334255722652165,8.0,64.0,35.0,6.0,0.11682900090890236,3.0,-5.0
0.999395307400636,1.0,17.0,13.0,10.0,0.19981848245787637,5.0,-5.0
13.063596306122134,14.0,100.0,19.0,9.0,0.04690280125521651,4.0,-1.0
12.035498149920508,12.0,30.0,17.0,10.0,0.5133563485569265,4.0,-2.0
968.9917866652836,254.0,64.0,36.0,9.0,0.24303399668305792,3.0,-1.0
18.72008580253657,14.0,32.0,12.0,1.0,0.3015494819573056,5.0,-3.0
10.772048120697256,12.0,92.0,83.0,10.0,0.6907851015246386,3.0,-4.0
5.174161339369462,6.0,51.0,27.0,8.0,0.054651219337657486,2.0,-4.0
40.462350269986196,7.0,21.0,18.0,9.0,0.7962618337790265,1.0,-5.0
0.4152973007853354,2.0,62.0,61.0,6.0,0.5679855925337425,5.0,-1.0
18.96134121069331,20.0,34.0,14.0,1.0,0.8109555413592888,2.0,-3.0
83.68534700525103,76.0,66.0,18.0,6.0,0.4641514302400902,2.0,-2.0
1458.611966981147,230.0,90.0,41.0,5.0,0.3389322635845152,4.0,-2.0
2.4028930824810164,3.0,31.0,27.0,2.0,0.916165000137038,2.0,-2.0
3.6315453910124904,5.0,43.0,29.0,9.0,0.97102161711363,4.0,-1.0
21.221513992141208,22.0,96.0,32.0,4.0,0.113430706763201,4.0,-2.0
74.28251166424245,75.0,80.0,65.0,0.0,0.062481137593997094,1.0,-1.0
51.3269991712814,49.0,54.0,16.0,10.0,0.4350877735574976,3.0,-1.0
10.753152710305972,10.0,27.0,9.0,7.0,0.9347855365756789,2.0,-3.0
0.3817280376542077,1.0,6.0,5.0,4.0,0.6032776834807981,5.0,-1.0
0.3848242818743001,1.0,2.0,1.0,0.0,0.6998235776370013,5.0,-3.0
3.4012909040597967,5.0,50.0,40.0,7.0,0.8485800279141896,4.0,-3.0
12.574707806286007,15.0,82.0,12.0,1.0,0.5208713637796395,2.0,-4.0
29.02756045427859,17.0,48.0,4.0,3.0,0.8144751027618414,3.0,-5.0
20.82391247678207,22.0,95.0,36.0,10.0,0.43785884942384046,1.0,-3.0
29.075312282775155,31.0,100.0,54.0,5.0,0.4143401817861615,3.0,-5.0
2.1461299688628,3.0,14.0,4.0,2.0,0.3835112487933473,4.0,-4.0
3.932478039336622,3.0,14.0,5.0,2.0,0.7288633251088219,5.0,-5.0
128.89353624579633,129.0,73.0,52.0,2.0,0.540731289969331,2.0,-2.0
493.86453529694364,31.0,50.0,9.0,5.0,0.5138364528022339,3.0,-3.0
57.91532533700688,60.0,68.0,17.0,0.0,0.37611918677218203,4.0,-1.0
84.46260426976646,86.0,62.0,41.0,10.0,0.5443245553539544,1.0,-2.0
12.029088170611438,11.0,30.0,24.0,2.0,0.2713874932999001,4.0,-4.0
15.72062443622308,17.0,45.0,22.0,8.0,0.36981671101771374,1.0,-2.0
2.315497648853877,1.0,3.0,1.0,0.0,0.37274904174400336,4.0,-1.0
15.921140215339198,17.0,53.0,38.0,9.0,0.2357044833753804,2.0,-3.0
33.8299726565301,35.0,54.0,40.0,10.0,0.3710708025633084,1.0,-2.0
36.61151566421868,37.0,96.0,37.0,5.0,0.944502116848061,2.0,-5.0
76.99879620419735,52.0,88.0,69.0,6.0,0.4181805390399522,5.0,-5.0
0.4672845559357355,2.0,8.0,7.0,4.0,0.8280047295796045,3.0,-2.0
11.778007935373735,11.0,31.0,13.0,9.0,0.7547120036309268,3.0,-3.0
28.60440189707415,29.0,62.0,49.0,4.0,0.9090792508485074,1.0,-5.0
16.533593585259222,11.0,37.0,35.0,9.0,0.2039205869300057,4.0,-3.0
70.08598542045853,45.0,32.0,28.0,1.0,0.35235758369286563,2.0,-1.0
7.491935783849448,9.0,87.0,38.0,7.0,0.12317394339758014,2.0,-5.0
0.6774710935005895,2.0,17.0,7.0,6.0,0.19049028261249168,5.0,-3.0
49.96438650107579,52.0,69.0,30.0,2.0,0.6099002111263934,1.0,-3.0
25.63410567239193,26.0,64.0,8.0,1.0,0.6974315957269921,4.0,-2.0
12.278215647686114,1.0,12.0,10.0,9.0,0.38763003945058605,2.0,-1.0
19.564726303980283,20.0,54.0,18.0,3.0,0.9466820617312716,2.0,-1.0
8.427105175523845,9.0,42.0,19.0,2.0,0.9458576704798342,3.0,-2.0
17.474422856341214,18.0,76.0,46.0,0.0,0.9291987244247303,2.0,-2.0
7.689604139731699,9.0,93.0,39.0,9.0,0.15694697384649314,2.0,-5.0
12.058704827663751,13.0,98.0,25.0,9.0,0.16828941771394546,2.0,-2.0
0.8221516395344778,2.0,85.0,4.0,2.0,0.07091984254686146,5.0,-3.0
12.215038144505918,13.0,37.0,25.0,8.0,0.15206821708440055,2.0,-2.0
225.74595305979622,79.0,45.0,12.0,7.0,0.7865455056366601,1.0,-3.0
10.050321467389434,11.0,39.0,4.0,1.0,0.7470792785677801,5.0,-1.0
4.644444627810757,5.0,16.0,11.0,0.0,0.6794258302367016,3.0,-3.0
14.535195399758535,3.0,14.0,13.0,2.0,0.36035735867726404,5.0,-4.0
2.182128381731371,5.0,100.0,7.0,6.0,0.6354329552316982,1.0,-3.0
15.947358292966022,17.0,68.0,20.0,6.0,0.834983816945318,4.0,-2.0
34.620567585902414,15.0,49.0,9.0,6.0,0.6839313955361292,4.0,-5.0
69.84850140709874,39.0,97.0,92.0,7.0,0.42034228319915534,4.0,-5.0
19.035060076938233,14.0,37.0,35.0,8.0,0.516312952090846,1.0,-4.0
1.15899800552009,2.0,49.0,48.0,7.0,0.6209380848046294,2.0,-1.0
104.26168365925889,105.0,60.0,50.0,7.0,0.29378809889292723,1.0,-1.0
0.4804487103587094,1.0,9.0,5.0,4.0,0.2918612375390941,5.0,-5.0
54.95427456118684,7.0,26.0,23.0,3.0,0.5194372954094207,3.0,-4.0
52.99353959938693,54.0,87.0,38.0,7.0,0.4716743447449795,1.0,-2.0
0.621754825371344,2.0,22.0,21.0,10.0,0.6520877519538142,3.0,-1.0
95.15138663512576,42.0,75.0,16.0,10.0,0.7025080664697058,3.0,-5.0
19.397807351175125,20.0,31.0,18.0,6.0,0.8900596128323486,1.0,-2.0
5.3179274442282685,7.0,46.0,42.0,9.0,0.7190215911638034,3.0,-5.0
0.25708772979918315,1.0,3.0,2.0,1.0,0.12336413514859013,4.0,-5.0
0.6765582361998457,2.0,76.0,12.0,9.0,0.06286576848618142,4.0,-5.0
24.303696879039755,25.0,42.0,12.0,3.0,0.1574214918331841,3.0,-1.0
2.3187628977000805,3.0,35.0,8.0,2.0,0.10310332872420447,1.0,-3.0
33.556623463785876,36.0,78.0,33.0,7.0,0.6450380442593752,1.0,-4.0
8.012771695670134,8.0,21.0,15.0,0.0,0.8212577945717446,2.0,-5.0
4155.60361970275,64.0,94.0,14.0,4.0,0.6274063892794268,3.0,-5.0
634.3938981496927,28.0,96.0,5.0,4.0,0.5919205718054926,3.0,-4.0
3.9560008625539385,5.0,58.0,14.0,7.0,0.2788170350814554,4.0,-4.0
2.325246762553995,3.0,33.0,27.0,8.0,0.9300618825081706,3.0,-3.0
28.489772369905346,29.0,36.0,30.0,6.0,0.03151848538212987,4.0,-1.0
34.97944889548965,36.0,89.0,11.0,1.0,0.5383134595833001,5.0,-1.0
28.954542982792592,30.0,58.0,1.0,0.0,0.989534331266249,2.0,-1.0
180.43651516038167,135.0,61.0,16.0,5.0,0.8498790391290827,1.0,-4.0
26.677093367139946,28.0,98.0,56.0,0.0,0.5106263448140459,5.0,-2.0
8.658770984844667,10.0,94.0,79.0,1.0,0.6830868672428888,3.0,-1.0
93.03491172222454,44.0,41.0,19.0,9.0,0.8154189113619034,1.0,-5.0
3.1444764980124695,4.0,32.0,26.0,4.0,0.581621551555079,4.0,-1.0
0.8433547010841846,2.0,9.0,6.0,5.0,0.5448941846321875,2.0,-5.0
4.778160492161035,5.0,35.0,11.0,7.0,0.08142887764419715,1.0,-1.0
16.221627702835864,12.0,28.0,10.0,9.0,0.7774074268276611,2.0,-2.0
5.232639732955473,6.0,34.0,27.0,2.0,0.7041952130651845,4.0,-5.0
28.279890739691734,29.0,98.0,86.0,8.0,0.32026519824398203,2.0,-5.0
3.5494830452058914,4.0,14.0,11.0,0.0,0.9690387001032136,1.0,-4.0
51.517567421328074,53.0,89.0,59.0,4.0,0.5617718583249992,2.0,-5.0
21.186239315295392,22.0,90.0,86.0,7.0,0.045194093326998974,2.0,-4.0
6.354519786863309,4.0,16.0,10.0,8.0,0.11421056541690222,5.0,-1.0
52.36990250500653,53.0,96.0,46.0,8.0,0.09146412867984477,2.0,-1.0
54.43769143540675,56.0,78.0,39.0,6.0,0.4291038477737231,3.0,-1.0
53.1000542930039,52.0,60.0,19.0,5.0,0.547269357116855,2.0,-3.0
1.3056279305428615,2.0,29.0,10.0,6.0,0.21514889447895713,4.0,-5.0
4.60667016308437,6.0,26.0,15.0,5.0,0.6734802365532019,5.0,-3.0
3.664432101704112,4.0,53.0,38.0,10.0,0.886675465109054,5.0,-3.0
0.7728211467633224,1.0,5.0,4.0,3.0,0.14120790969860675,3.0,-2.0
7.014614418707642,8.0,93.0,65.0,8.0,0.8879629224970551,5.0,-4.0
176.57032636975197,32.0,33.0,11.0,6.0,0.8540993745026088,1.0,-5.0
26.25885116634454,28.0,66.0,47.0,5.0,0.5667565529686324,1.0,-5.0
3.277704863235222,4.0,26.0,20.0,5.0,0.04706966795748724,4.0,-5.0
24.469825176676363,26.0,73.0,35.0,10.0,0.42548884000078624,5.0,-1.0
86.44743961560367,87.0,84.0,68.0,6.0,0.04713353324731462,5.0,-1.0
13.655307664080292,9.0,23.0,6.0,0.0,0.3658014875178458,4.0,-3.0
207.3429541983643,104.0,86.0,20.0,9.0,0.5530522006042045,3.0,-3.0
26.83147517957654,27.0,97.0,5.0,3.0,0.4627303384063961,1.0,-1.0
14.038782020561372,15.0,99.0,32.0,9.0,0.17021015457115585,5.0,-3.0
17.218107068374085,18.0,81.0,51.0,1.0,0.7903919681846974,3.0,-3.0
11.125899985373481,13.0,38.0,18.0,7.0,0.6685526561976858,1.0,-5.0
1.788033876662319,3.0,97.0,10.0,5.0,0.03393873337070252,3.0,-3.0
7.750764140288041,8.0,39.0,13.0,10.0,0.8924179932327241,4.0,-2.0
7.242120377389591,8.0,39.0,37.0,1.0,0.004154305960397675,2.0,-5.0
9.595817831956749,11.0,38.0,12.0,2.0,0.6727876732390162,5.0,-2.0
101.63514555809815,67.0,80.0,19.0,4.0,0.45002326048858055,5.0,-3.0
23.65421626516248,13.0,40.0,13.0,10.0,0.7344922220650794,3.0,-4.0
377.203932432797,375.0,71.0,44.0,5.0,0.5357896586945184,1.0,-1.0
3.2321440272282023,4.0,28.0,25.0,0.0,0.6160220574457475,4.0,-4.0
0.8636124799271017,2.0,9.0,4.0,1.0,0.10524394454021024,1.0,-4.0
13.26988589743515,14.0,76.0,47.0,6.0,0.18205949445391056,1.0,-4.0
5.3922539471788395,7.0,96.0,81.0,8.0,0.7969613494633914,4.0,-2.0
13.320747624418022,14.0,27.0,22.0,6.0,0.6876771537520383,1.0,-1.0
114.10112579910282,6.0,26.0,22.0,2.0,0.5360796546241758,4.0,-5.0
35.65440874041489,12.0,49.0,4.0,3.0,0.584679556360139,5.0,-4.0
26.940495544732652,27.0,44.0,20.0,10.0,0.20960385969397188,2.0,-1.0
2.4520290198481938,4.0,27.0,17.0,5.0,0.017682301550756452,1.0,-5.0
21.73916805947774,22.0,59.0,16.0,7.0,0.8539995109443091,3.0,-4.0
21.40871724623624,23.0,56.0,15.0,1.0,0.5593011050354,5.0,-2.0
5.423953001100957,6.0,54.0,22.0,3.0,0.16633553268983448,4.0,-5.0
25.407193618989126,26.0,84.0,23.0,3.0,0.7715564053841659,4.0,-3.0
6.481897537423202,7.0,37.0,15.0,7.0,0.9326742048911023,4.0,-5.0
13.337830481381747,12.0,33.0,19.0,4.0,0.23442241486594773,5.0,-3.0
291.83456605091106,61.0,29.0,21.0,7.0,0.3173425385148314,2.0,-1.0
9.053103655515846,8.0,16.0,5.0,1.0,0.7025088194164579,3.0,-3.0
59.251964393108935,60.0,71.0,25.0,10.0,0.5921151896040195,2.0,-1.0
25.451199606888448,26.0,35.0,12.0,0.0,0.9807380426482921,1.0,-4.0
8.657083633523625,6.0,37.0,33.0,2.0,0.5577561706882216,4.0,-4.0
0.6175890976004318,1.0,10.0,9.0,8.0,0.6598856525630714,4.0,-3.0
1.1051209599827405,2.0,13.0,12.0,10.0,0.9524391610560068,1.0,-1.0
16.676452801042497,18.0,74.0,17.0,3.0,0.927249132954377,4.0,-4.0
25.848435061006832,27.0,56.0,13.0,1.0,0.7772572749472871,3.0,-3.0
6.47240853951707,7.0,15.0,5.0,0.0,0.8483399669507542,2.0,-1.0
7.393735881448492,8.0,24.0,17.0,2.0,0.12140695447283512,5.0,-3.0
30.88813676420857,18.0,45.0,28.0,8.0,0.6167081237181528,4.0,-5.0
7.472055720439301,8.0,55.0,32.0,2.0,0.8975706115414213,4.0,-5.0
19.34380544669795,19.0,95.0,11.0,9.0,0.9342475436462739,5.0,-5.0
3.113247123231282,4.0,17.0,14.0,4.0,0.2979866034737356,1.0,-5.0
28.2724248310038,29.0,54.0,32.0,8.0,0.07555816058477272,1.0,-1.0
18.801051056548268,20.0,63.0,35.0,2.0,0.8297594802152973,2.0,-1.0
2.0336324285556016,3.0,17.0,15.0,7.0,0.49586547351387766,3.0,-1.0
8.127726984861305,9.0,54.0,38.0,3.0,0.11562549887992546,1.0,-5.0
1.047918371664366,2.0,29.0,4.0,2.0,0.23238382194645757,5.0,-4.0
1.136083052932253,2.0,23.0,21.0,10.0,0.690108668736401,3.0,-1.0
6.156374071143182,7.0,81.0,22.0,4.0,0.11957789525689344,5.0,-4.0
0.38310490154372084,2.0,15.0,11.0,10.0,0.19853555366372388,3.0,-4.0
0.325208901955738,2.0,10.0,9.0,4.0,0.8458244295621523,4.0,-2.0
47.09457529354558,47.0,87.0,44.0,8.0,0.614132041036511,4.0,-4.0
1.7529178386140654,3.0,90.0,83.0,8.0,0.999048822304066,4.0,-3.0
2.5379582715269393,4.0,21.0,6.0,3.0,0.4025639240545299,3.0,-4.0
18.468870390062772,20.0,80.0,19.0,0.0,0.7171424917683941,5.0,-1.0
33.393716485222164,35.0,88.0,49.0,8.0,0.3080249010380811,5.0,-4.0
2.8417439920554184,1.0,13.0,9.0,6.0,0.2777586073709357,4.0,-3.0
5.850892094345576,7.0,39.0,30.0,5.0,0.8845567417273764,2.0,-2.0
16.39678969877429,17.0,62.0,37.0,2.0,0.20727064638203496,5.0,-4.0
3.2711561987680304,5.0,46.0,9.0,5.0,0.35543815354910513,2.0,-3.0
8.466576691370213,11.0,51.0,41.0,0.0,0.696852485652845,3.0,-3.0
11.278835181194742,12.0,57.0,30.0,8.0,0.674233027682429,5.0,-3.0
13.589443448474997,15.0,89.0,40.0,10.0,0.3584808147037605,1.0,-4.0
57.953733250826375,57.0,84.0,19.0,1.0,0.5270582017010629,3.0,-4.0
9.954714148537512,10.0,79.0,33.0,9.0,0.09818032539009103,3.0,-3.0
0.6969727081380929,2.0,11.0,8.0,4.0,0.8840548716305457,5.0,-1.0
42.850689753652695,43.0,52.0,48.0,8.0,0.016631527812278057,3.0,-1.0
1.4127766035458453,1.0,8.0,5.0,2.0,0.1460870043111705,3.0,-3.0
40.75610883387436,14.0,31.0,12.0,4.0,0.4005300581963632,4.0,-3.0
5.9672325639527735,7.0,33.0,20.0,8.0,0.6357128655762875,4.0,-1.0
26.752690084360687,23.0,28.0,26.0,8.0,0.10905682203372646,2.0,-1.0
17.6207566109997,19.0,47.0,33.0,4.0,0.4486293822261376,3.0,-1.0
17.966280130509503,19.0,96.0,40.0,6.0,0.0358553216911649,1.0,-2.0
4.859706006610751,6.0,31.0,21.0,10.0,0.45608143150235525,1.0,-5.0
22.352479907617695,23.0,83.0,71.0,4.0,0.25032121560499376,3.0,-5.0
11.391866357057479,14.0,70.0,15.0,10.0,0.6402725891595804,1.0,-3.0
109.0460571623137,33.0,37.0,16.0,7.0,0.5834932133555207,2.0,-3.0
112.38249174504256,97.0,98.0,92.0,10.0,0.6540697955229006,1.0,-4.0
108.0705846736294,41.0,39.0,30.0,3.0,0.4166557810845195,3.0,-2.0
15.16447867291523,16.0,37.0,15.0,1.0,0.5751264569713769,4.0,-2.0
11.850727037719427,11.0,26.0,6.0,4.0,0.6719150423501956,3.0,-1.0
7.096270981576214,8.0,91.0,78.0,2.0,0.7079870200049935,3.0,-1.0
133.79505915283386,131.0,98.0,86.0,2.0,0.6744348251245258,1.0,-4.0
2.406015177032743,3.0,10.0,8.0,5.0,0.3662499903651092,4.0,-1.0
17.489884745422803,19.0,82.0,28.0,0.0,0.3399074641853901,5.0,-5.0
24.365356175604667,25.0,45.0,34.0,10.0,0.0029989807903606502,4.0,-1.0
32.84259535029709,7.0,29.0,17.0,9.0,0.5961532403338772,4.0,-5.0
17.705149739869704,19.0,92.0,50.0,2.0,0.2577848738335128,1.0,-4.0
14.528812781978129,15.0,33.0,19.0,10.0,0.7927204956122212,2.0,-3.0
266.4782767645176,12.0,41.0,5.0,2.0,0.44787077711608236,4.0,-3.0
0.902581902665532,2.0,24.0,22.0,5.0,0.8017628211410375,4.0,-5.0
1226.0617273016055,16.0,46.0,6.0,5.0,0.2581561961990353,3.0,-1.0
63.117954488736515,61.0,85.0,6.0,2.0,0.5629062112354166,3.0,-1.0
2.3231260119398947,3.0,22.0,11.0,6.0,0.1059659498504335,5.0,-3.0
24.816896187098227,27.0,68.0,19.0,5.0,0.687173642550205,1.0,-4.0
84.33866789014763,85.0,76.0,39.0,2.0,0.7193537135788832,1.0,-1.0
3.893294229132367,6.0,55.0,17.0,8.0,0.21104161828254375,4.0,-4.0
9.113843760382332,10.0,37.0,26.0,6.0,0.7356516924219082,2.0,-1.0
3.6117632237506716,5.0,36.0,22.0,8.0,0.9862470098918599,4.0,-5.0
35.18367121379339,37.0,54.0,18.0,5.0,0.5261020834295229,2.0,-3.0
67.71984652477965,70.0,72.0,41.0,10.0,0.38555792138181877,2.0,-2.0
86.01913474347407,71.0,81.0,48.0,7.0,0.672954446557752,3.0,-5.0
23.981419706687873,25.0,65.0,24.0,9.0,0.6182761522702652,4.0,-2.0
18.00656939634959,19.0,70.0,32.0,4.0,0.14833732097656271,1.0,-2.0
115.66354558002485,117.0,93.0,33.0,1.0,0.34466709482313085,3.0,-2.0
6.173659197939989,7.0,51.0,19.0,3.0,0.2675937940169558,4.0,-5.0
18.83929296331149,20.0,70.0,8.0,0.0,0.7558562849067005,5.0,-2.0
443.52020540506703,15.0,68.0,63.0,1.0,0.48602092999497615,5.0,-5.0
1.8976653738207685,3.0,31.0,4.0,1.0,0.4838220224296146,1.0,-4.0
8.94868720456415,10.0,65.0,55.0,10.0,0.7310689070347602,3.0,-4.0
13.692176180279027,14.0,36.0,12.0,2.0,0.5361179749035639,5.0,-2.0
3.970648815502007,5.0,23.0,21.0,4.0,0.08982298013773415,3.0,-5.0
25.550628141011448,26.0,65.0,44.0,2.0,0.9643795204102461,1.0,-4.0
13225.155790122011,39.0,40.0,28.0,10.0,0.5997277914863817,2.0,-3.0
32.76948525430695,24.0,48.0,47.0,7.0,0.25978406750893623,1.0,-2.0
106.10672762947705,48.0,45.0,33.0,1.0,0.2426309801260489,5.0,-2.0
2.605350192872002,3.0,43.0,9.0,0.0,0.25759499147669473,1.0,-5.0
24.573321673684802,25.0,30.0,13.0,1.0,0.8459035824653092,1.0,-1.0
9.802446164052032,11.0,32.0,19.0,6.0,0.7753998604849669,2.0,-1.0
3.8802069994960986,3.0,11.0,8.0,5.0,0.7546309256382246,2.0,-3.0
10.011190029504776,9.0,28.0,9.0,6.0,0.8425537529790391,3.0,-4.0
158.54668143775297,100.0,99.0,52.0,6.0,0.5884936289031993,4.0,-5.0
7.849573875178809,8.0,39.0,15.0,10.0,0.0907556868847832,3.0,-1.0
17.421254933068635,1.0,9.0,8.0,4.0,0.7540790831043143,1.0,-4.0
12.580463089466463,14.0,59.0,31.0,6.0,0.168798625532681,3.0,-3.0
6.0918189534076514,7.0,36.0,11.0,4.0,0.9004293972185152,5.0,-4.0
6.864580530341751,8.0,44.0,24.0,8.0,0.08364934992605721,5.0,-3.0
1.238066011006609,2.0,51.0,11.0,8.0,0.22526655360289927,3.0,-4.0
0.3899727293029418,2.0,25.0,11.0,10.0,0.34795973269081304,2.0,-5.0
1.4325057848422909,2.0,28.0,24.0,3.0,0.6320516401312325,5.0,-1.0
55.25176377737548,56.0,90.0,45.0,0.0,0.7628907275478747,2.0,-3.0
71.17729628300265,6.0,21.0,9.0,2.0,0.4877067541801394,4.0,-4.0
18.035974467327605,19.0,58.0,49.0,0.0,0.07080187725974951,1.0,-3.0
1.6067082540501716,1.0,16.0,14.0,10.0,0.21577684063791858,3.0,-4.0
11.430463688649498,6.0,12.0,7.0,4.0,0.43438586391339895,2.0,-2.0
7.114586303997801,8.0,44.0,26.0,10.0,0.8825033962229648,3.0,-1.0
2.9722388941023437,3.0,6.0,5.0,0.0,0.2196277408969809,3.0,-3.0
88.7905050958654,84.0,84.0,56.0,10.0,0.6402752267416517,2.0,-5.0
8.318244863752993,9.0,55.0,16.0,3.0,0.08743406300413448,3.0,-2.0
34.80378769866062,36.0,87.0,44.0,0.0,0.5471539570292616,1.0,-4.0
198.2229701904428,157.0,87.0,34.0,6.0,0.3778959454506208,4.0,-2.0
65.02205605993127,66.0,94.0,35.0,10.0,0.6357948034618658,2.0,-1.0
10.124442735309268,11.0,40.0,30.0,1.0,0.019377831336805817,4.0,-3.0
1.9426738931833132,3.0,72.0,5.0,1.0,0.21566469607598981,5.0,-4.0
11.125679920017877,12.0,26.0,19.0,6.0,0.13858868111946798,4.0,-2.0
3.8573309717150215,5.0,19.0,15.0,5.0,0.33949774379102804,5.0,-1.0
462.4444247714277,26.0,37.0,13.0,10.0,0.8103796256217652,1.0,-4.0
2.763968612874013,3.0,13.0,7.0,0.0,0.896348956897213,3.0,-5.0
224.45645459961648,179.0,75.0,27.0,0.0,0.44276998858029903,3.0,-2.0
4.210569224968524,5.0,67.0,52.0,0.0,0.760410615863628,5.0,-1.0
11.424503178756698,12.0,99.0,46.0,4.0,0.04624161965313622,3.0,-4.0
17.59469216423371,18.0,55.0,8.0,5.0,0.6118766913840552,5.0,-1.0
127.0526255142342,127.0,70.0,62.0,6.0,0.2796188792898022,1.0,-1.0
98.20123561662031,100.0,95.0,53.0,6.0,0.3042781901777917,3.0,-2.0
35.62762128751332,21.0,35.0,10.0,6.0,0.6169504591126601,3.0,-3.0
128.80849589249658,133.0,96.0,51.0,4.0,0.7725195393436028,1.0,-5.0
4.577467272897634,7.0,93.0,5.0,0.0,0.4846154834135714,2.0,-4.0
58.49013679485575,60.0,63.0,17.0,6.0,0.5954857948177782,2.0,-1.0
0.5343976843743206,2.0,50.0,8.0,7.0,0.0257468813058902,3.0,-2.0
17.082621810862538,18.0,84.0,77.0,4.0,0.12110854715150154,1.0,-5.0
4.50038727234203,6.0,35.0,26.0,2.0,0.9999569734426624,2.0,-2.0
50.14283799176237,8.0,44.0,43.0,9.0,0.3691041181071437,5.0,-4.0
949.0191395478769,68.0,58.0,44.0,0.0,0.28782172477073387,5.0,-2.0
12.189903017648733,13.0,52.0,14.0,7.0,0.7646667588842073,5.0,-3.0
6.0385861165137245,7.0,61.0,43.0,4.0,0.8544043175645133,4.0,-3.0
3.395153816273424,3.0,15.0,5.0,4.0,0.7064820935597199,5.0,-2.0
0.31567483920772077,2.0,21.0,20.0,7.0,0.7709770766454634,5.0,-3.0
10.331187025267132,12.0,58.0,32.0,1.0,0.8145814698786721,4.0,-4.0
216.05125943927257,17.0,13.0,9.0,1.0,0.6543239167396929,1.0,-2.0
0.21126818258110477,2.0,41.0,3.0,2.0,0.026667959281513998,5.0,-5.0
0.9426858862993529,2.0,15.0,13.0,6.0,0.6401996848933534,5.0,-3.0
2.847872503150862,4.0,24.0,11.0,1.0,0.21265812141037688,2.0,-5.0
38.01945467815365,23.0,52.0,48.0,6.0,0.41361462983493624,3.0,-4.0
1.6952453037262476,3.0,100.0,92.0,3.0,0.9531801761880258,5.0,-1.0
3.9187769270702257,6.0,43.0,40.0,3.0,0.35310899578266497,4.0,-1.0
990.0052865484574,84.0,69.0,16.0,4.0,0.6646464754341807,2.0,-4.0
8.945989346504117,3.0,18.0,15.0,10.0,0.43013629059996195,4.0,-4.0
5.015989485941298,6.0,82.0,21.0,8.0,0.30103600355333415,3.0,-5.0
55.37165173693388,56.0,58.0,21.0,10.0,0.933642392232704,1.0,-4.0
86.51650563239961,39.0,51.0,46.0,3.0,0.41716416868340533,3.0,-3.0
14.810392893852876,16.0,56.0,37.0,9.0,0.8804804857437424,2.0,-4.0
8.035191266267745,9.0,49.0,30.0,1.0,0.9205747935920834,3.0,-5.0
6.448647432042097,3.0,11.0,5.0,4.0,0.7860855338496922,2.0,-3.0
3.711703274014399,5.0,31.0,16.0,4.0,0.15339658835274406,1.0,-4.0
47.06592752727102,23.0,90.0,3.0,2.0,0.5497815649869622,5.0,-2.0
21.960680445061552,22.0,78.0,25.0,7.0,0.04508831653656953,3.0,-1.0
136.13495487498875,128.0,88.0,64.0,0.0,0.25497971227794936,4.0,-2.0
33.16340870936885,20.0,60.0,2.0,0.0,0.7186144392916954,4.0,-4.0
5.450051053288282,7.0,84.0,67.0,7.0,0.8238473670716558,4.0,-1.0
171.51936090719664,172.0,92.0,43.0,7.0,0.761894011538659,1.0,-2.0
56.170490337213685,57.0,62.0,48.0,1.0,0.38775390353048134,1.0,-2.0
18.81084337727184,19.0,71.0,60.0,9.0,0.14319975525026385,5.0,-4.0
7.433104583879724,8.0,36.0,10.0,5.0,0.9163109148315263,4.0,-2.0
20.067882365407836,21.0,38.0,30.0,5.0,0.18855707412489697,2.0,-2.0
19.039226402335967,20.0,85.0,55.0,4.0,0.22021995605046663,2.0,-4.0
12.900290127918382,14.0,90.0,72.0,8.0,0.6790634911542802,3.0,-2.0
23.512267141731385,25.0,96.0,52.0,8.0,0.8118939270776474,3.0,-3.0
20.96686299656718,21.0,83.0,8.0,2.0,0.35691707908373427,1.0,-1.0
1.2794393960058876,2.0,9.0,5.0,3.0,0.10920384227585633,2.0,-2.0
4.485880190681808,5.0,98.0,89.0,2.0,0.8757869029442383,3.0,-5.0
9.854730819036487,11.0,97.0,51.0,1.0,0.9446348128748701,5.0,-1.0
3.2909261074249914,4.0,73.0,71.0,5.0,0.7215463328385039,2.0,-3.0
4.071349439649238,4.0,14.0,11.0,6.0,0.35438119109565946,2.0,-3.0
131.59911055996005,58.0,81.0,78.0,9.0,0.24594672447961852,4.0,-2.0
26.880227086576966,28.0,72.0,27.0,0.0,0.7348185999698745,3.0,-2.0
6.533287912529804,8.0,92.0,74.0,10.0,0.6793030278385968,5.0,-2.0
4.924712050248614,6.0,37.0,26.0,8.0,0.057493994358130074,2.0,-4.0
61.7207668258047,62.0,100.0,49.0,2.0,0.07950196550728383,2.0,-1.0
10.091380586263734,11.0,52.0,34.0,6.0,0.028169358733317607,5.0,-3.0
3.399673088218264,4.0,61.0,49.0,4.0,0.9216251920214816,4.0,-2.0
0.9442224383072204,1.0,6.0,4.0,3.0,0.7647681201562992,4.0,-4.0
0.8634188766532624,1.0,6.0,5.0,3.0,0.2683627201026353,5.0,-5.0
1.2048907550639236,3.0,82.0,7.0,4.0,0.3137684643408979,3.0,-5.0
33.29802062639957,18.0,43.0,32.0,6.0,0.46879697848270396,4.0,-5.0
114.93946512877247,101.0,86.0,51.0,4.0,0.5130127287346511,3.0,-4.0
7.3892702450157755,7.0,22.0,14.0,7.0,0.5137751481705557,4.0,-2.0
12.52608794100935,13.0,26.0,17.0,8.0,0.9437000928364037,1.0,-4.0
281.7347839513824,280.0,91.0,33.0,0.0,0.3014668433788502,3.0,-1.0
10.87497043169523,13.0,65.0,58.0,1.0,0.5804599888795837,4.0,-4.0
1.4817128360604634,1.0,12.0,11.0,8.0,0.13933088334479593,4.0,-3.0
8.261938109555086,7.0,8.0,5.0,0.0,0.46493837427736207,1.0,-2.0
2.1944380885924573,3.0,38.0,29.0,7.0,0.8716111002099549,5.0,-2.0
34.19435096288049,34.0,41.0,37.0,10.0,0.07013196390918763,2.0,-1.0
118.71771093736461,115.0,48.0,15.0,3.0,0.7593234397222354,1.0,-2.0
0.5670643500948833,1.0,13.0,11.0,9.0,0.852693658076963,5.0,-5.0
14.496469460156842,15.0,45.0,10.0,3.0,0.8535952425553781,3.0,-1.0
59.50653791563859,22.0,29.0,13.0,5.0,0.37311219815428864,3.0,-2.0
11.658721379096033,13.0,51.0,47.0,2.0,0.19003809055933385,1.0,-5.0
42.259834015128355,19.0,43.0,36.0,6.0,0.41126325771517325,4.0,-4.0
20.775129063942412,22.0,51.0,35.0,8.0,0.6167281807901291,1.0,-5.0
15.104305834283215,16.0,41.0,29.0,8.0,0.4349446637887969,2.0,-4.0
3.4173454472952627,5.0,26.0,14.0,1.0,0.02798252952703173,3.0,-4.0
238.97809796862256,140.0,79.0,13.0,0.0,0.1576002849141801,5.0,-1.0
25.643270840073292,26.0,38.0,22.0,0.0,0.9247890731239827,1.0,-4.0
0.3894115624092502,2.0,19.0,9.0,8.0,0.34743183359121177,2.0,-5.0
7.435948819025125,9.0,70.0,48.0,9.0,0.9931000408831993,3.0,-3.0
36.60108535545648,40.0,98.0,40.0,9.0,0.41530305809530177,5.0,-5.0
10.695096230463495,2.0,10.0,2.0,1.0,0.6386673733208799,4.0,-5.0
0.6208313032041447,2.0,3.0,2.0,0.0,0.6526858805439355,3.0,-1.0
20.818173216110118,23.0,80.0,24.0,7.0,0.5976293965886321,2.0,-5.0
4.088934758343303,5.0,26.0,19.0,7.0,0.010875052256805406,3.0,-3.0
31.408264138917374,32.0,85.0,56.0,0.0,0.9744412900559576,1.0,-2.0
26.071583261583772,26.0,32.0,17.0,1.0,0.2772610022224784,3.0,-2.0
1.6801241971023109,3.0,47.0,39.0,5.0,0.9761552755324576,5.0,-5.0
5.497412647618608,6.0,80.0,9.0,7.0,0.15904812280799185,3.0,-1.0
7.822634457000258,9.0,71.0,56.0,4.0,0.9882160832216627,2.0,-5.0
101.8518758724438,8.0,31.0,3.0,2.0,0.6107012894392783,3.0,-4.0
6.587314075081618,8.0,57.0,35.0,9.0,0.005891058958100381,5.0,-4.0
111.07008331773606,112.0,98.0,18.0,9.0,0.5734219861020707,2.0,-1.0
472.49380371513047,65.0,45.0,22.0,9.0,0.17477964783846733,5.0,-1.0
4.0527033759045885,5.0,44.0,32.0,4.0,0.7921973007620636,4.0,-1.0
7.38225000512385,8.0,31.0,14.0,8.0,0.7575458505817659,4.0,-3.0
5.4376762147292785,7.0,90.0,73.0,2.0,0.8543892442495729,4.0,-2.0
2.7027146495015146,4.0,21.0,13.0,7.0,0.9899967289809443,3.0,-1.0
4.307048254370241,5.0,36.0,10.0,2.0,0.3570965725818286,2.0,-4.0
4.227584141238815,5.0,26.0,19.0,6.0,0.6284213333230806,5.0,-4.0
6.2562014332643,7.0,33.0,16.0,8.0,0.7434607622961368,4.0,-1.0
3.3237566897352906,4.0,41.0,15.0,7.0,0.26551415828630076,2.0,-4.0
0.6937787872130678,1.0,10.0,9.0,8.0,0.6441381631192606,5.0,-5.0
13.389120757240052,11.0,30.0,28.0,1.0,0.19668748247863876,2.0,-3.0
12.094040252907304,13.0,94.0,75.0,8.0,0.9387173895179199,2.0,-5.0
503.56875381585525,135.0,87.0,20.0,3.0,0.30472147887092993,5.0,-2.0
10.752416283068378,11.0,66.0,32.0,2.0,0.03498824186397964,3.0,-3.0
4.799256470801467,5.0,69.0,3.0,1.0,0.11665375617377649,4.0,-1.0
8.173030314196875,8.0,23.0,13.0,2.0,0.4567637464758242,3.0,-5.0
13.969427082715265,13.0,47.0,39.0,9.0,0.2058281208403252,5.0,-4.0
11.184719969793795,14.0,36.0,26.0,0.0,0.6490128202733532,3.0,-3.0
371.5347152881803,351.0,76.0,20.0,10.0,0.5753630787321767,1.0,-1.0
0.9015303065344666,4.0,66.0,9.0,8.0,0.6484624915450603,1.0,-5.0
121.99639522030904,123.0,77.0,68.0,3.0,0.5368863357960176,1.0,-1.0
11.391315824434816,8.0,19.0,14.0,9.0,0.39026728612697215,2.0,-2.0
11.368289547486972,10.0,21.0,19.0,0.0,0.46573687412456766,1.0,-4.0
20.228093092381044,18.0,37.0,10.0,2.0,0.2674184036736742,4.0,-2.0
11.54784389949129,12.0,37.0,17.0,1.0,0.9329812598367615,2.0,-2.0
72.95966616056768,76.0,73.0,39.0,6.0,0.7579492164721658,1.0,-5.0
19.006442945903686,20.0,64.0,25.0,7.0,0.35098424165546094,1.0,-2.0
104.68763707671575,107.0,97.0,40.0,7.0,0.6361192247519878,2.0,-2.0
15.307961401851077,17.0,79.0,13.0,9.0,0.5795660202558321,1.0,-2.0
8.334967871062378,9.0,43.0,27.0,7.0,0.26004706545496503,5.0,-5.0
0.7875761179346601,3.0,88.0,7.0,6.0,0.21628518227825388,5.0,-3.0
0.8684349078593301,1.0,8.0,6.0,5.0,0.4747505366742695,2.0,-4.0
0.3370772657213232,1.0,4.0,3.0,2.0,0.0066642270518803,2.0,-3.0
47.18697886719747,14.0,34.0,5.0,3.0,0.6024293872878833,3.0,-3.0
43.51039831227853,16.0,43.0,32.0,6.0,0.4725347922608494,5.0,-4.0
8.058529254845594,9.0,43.0,24.0,9.0,0.7947187910960195,4.0,-4.0
78.7434144076965,73.0,59.0,26.0,9.0,0.7973514883162547,1.0,-5.0
20.52613883066116,21.0,54.0,16.0,10.0,0.1769224469163505,3.0,-1.0
8.81759913328117,10.0,33.0,13.0,2.0,0.653638222779077,4.0,-1.0
4.219655834496784,3.0,9.0,6.0,4.0,0.9518264094539899,1.0,-5.0
6.814400527821526,8.0,47.0,31.0,5.0,0.03691013189352821,1.0,-4.0
72.73977162794479,68.0,78.0,36.0,8.0,0.653914395424408,3.0,-4.0
3.343622959790656,4.0,43.0,9.0,0.0,0.061661789727422534,2.0,-3.0
28.479515563796895,29.0,70.0,24.0,8.0,0.8717320044408235,2.0,-1.0
8.723509561134627,10.0,95.0,15.0,3.0,0.6040678082618082,1.0,-5.0
20.389995858684106,21.0,47.0,32.0,0.0,0.14353430604268302,1.0,-2.0
52.01479135504632,53.0,85.0,44.0,0.0,0.5960791083452861,2.0,-1.0
6.962021823399692,8.0,86.0,20.0,10.0,0.39595951588549694,4.0,-5.0
18.14625782476252,11.0,25.0,10.0,2.0,0.5084482504227941,3.0,-4.0
4.059499093208181,4.0,21.0,16.0,8.0,0.7473827219001808,3.0,-4.0
3.7542459358802702,4.0,13.0,9.0,6.0,0.5502261938057755,1.0,-3.0
7.31588946621452,3.0,13.0,10.0,4.0,0.31140961781673837,4.0,-3.0
73.18425060908275,75.0,87.0,42.0,5.0,0.6420609631715957,2.0,-5.0
24.198559771397285,25.0,48.0,42.0,1.0,0.6239743203042192,1.0,-1.0
1269.7673646104677,318.0,96.0,23.0,1.0,0.8304456652699858,1.0,-5.0
44.119343849166846,21.0,28.0,20.0,10.0,0.8362652718832357,1.0,-4.0
4.82106334349727,6.0,38.0,28.0,8.0,0.7860256887907465,4.0,-5.0
7.349048833560199,8.0,35.0,17.0,8.0,0.1107645316940189,5.0,-2.0
26.815491292760758,28.0,68.0,12.0,8.0,0.7720862764419875,3.0,-1.0
17.126238354821282,20.0,37.0,27.0,1.0,0.2639832304173677,5.0,-1.0
31.18959081435307,32.0,82.0,30.0,1.0,0.6668057246207141,3.0,-1.0
2.894887538730296,5.0,50.0,45.0,3.0,0.6211971353582075,4.0,-2.0
1.9890353108077834,3.0,22.0,13.0,6.0,0.1645228908504186,4.0,-5.0
8.30020793054919,10.0,97.0,83.0,10.0,0.6695292475483404,4.0,-3.0
277.80492060172037,278.0,95.0,50.0,3.0,0.5809920859258555,1.0,-1.0
21.65097044460796,23.0,76.0,26.0,0.0,0.8121517007384673,4.0,-5.0
125.53602816459032,60.0,75.0,57.0,4.0,0.6429231415307327,3.0,-5.0
9.710856132706738,11.0,94.0,36.0,3.0,0.07521767971551385,4.0,-4.0
85.2451002923384,86.0,96.0,80.0,6.0,0.043971638853825046,2.0,-1.0
9.383022265016496,11.0,87.0,24.0,9.0,0.3779297736280588,4.0,-5.0
6.849155078134295,8.0,93.0,68.0,0.0,0.956260657606726,4.0,-4.0
30.23846239793492,31.0,64.0,42.0,3.0,0.3871788401390247,3.0,-4.0
0.8173469092576456,2.0,5.0,3.0,0.0,0.06591757648542484,1.0,-4.0
106.68174404309177,44.0,21.0,15.0,2.0,0.292714074881925,2.0,-1.0
5.719109012396886,6.0,61.0,36.0,1.0,0.9101871823992506,5.0,-2.0
4.782451102112136,6.0,31.0,20.0,7.0,0.07043215275851733,1.0,-3.0
27.89427240961554,29.0,83.0,8.0,3.0,0.955532001586239,3.0,-4.0
113.92315906828941,55.0,50.0,9.0,2.0,0.7266486175642642,2.0,-4.0
0.7815825566868009,2.0,12.0,7.0,5.0,0.30513615726050414,3.0,-5.0
12.904874972427455,12.0,18.0,15.0,1.0,0.4787846641305633,1.0,-3.0
12.575938808774263,14.0,91.0,62.0,9.0,0.09820036295201107,3.0,-5.0
25.902902405660562,26.0,38.0,25.0,6.0,0.1332457324193923,1.0,-1.0
0.33838930368922954,1.0,7.0,6.0,5.0,0.0064034070067156,4.0,-3.0
1.5370654717689523,3.0,29.0,8.0,2.0,0.1827429594248382,1.0,-5.0
28.173783585530604,29.0,71.0,15.0,3.0,0.36772458813619036,4.0,-3.0
34.277292193851444,35.0,84.0,55.0,0.0,0.0790878364081179,3.0,-2.0
20.778631917573872,22.0,71.0,39.0,4.0,0.18793960931430187,4.0,-3.0
2.762149155507827,4.0,45.0,19.0,8.0,0.16959896197340907,1.0,-5.0
1.160244491089509,2.0,9.0,5.0,2.0,0.7782213183415043,5.0,-2.0
30.02251939193641,31.0,88.0,47.0,10.0,0.15351835389312707,3.0,-2.0
43.45458446131153,44.0,37.0,29.0,9.0,0.26987468355834365,1.0,-1.0
1.2082858331960498,2.0,62.0,59.0,5.0,0.7471427038176703,4.0,-2.0
20.666557499386872,19.0,93.0,8.0,7.0,0.8521541585765776,5.0,-1.0
241.67776459287876,242.0,81.0,59.0,9.0,0.39655647451839826,1.0,-1.0
14.561018296454918,15.0,81.0,57.0,1.0,0.022016446732065043,3.0,-4.0
0.292051730027851,2.0,25.0,24.0,10.0,0.8030063671873459,5.0,-3.0
40.1525462056064,41.0,81.0,18.0,0.0,0.7615027188122359,3.0,-3.0
29.924776403839022,31.0,37.0,10.0,2.0,0.4755655951746409,3.0,-1.0
11.849287886605442,14.0,33.0,23.0,3.0,0.30732209529800947,5.0,-1.0
3.073923677135217,3.0,17.0,12.0,7.0,0.7362872892963597,4.0,-5.0
8.334770653753642,7.0,18.0,13.0,3.0,0.1143152769211574,5.0,-2.0
30.596260568320563,31.0,74.0,41.0,8.0,0.5642847974339579,5.0,-4.0
75.49270372361428,27.0,40.0,31.0,9.0,0.6865361365096284,2.0,-4.0
25.271437581184994,24.0,34.0,26.0,9.0,0.6654607602326764,1.0,-4.0
48.717882865410374,49.0,59.0,12.0,6.0,0.6549127153838201,2.0,-1.0
3.490361957152411,5.0,27.0,20.0,3.0,0.8756903326192172,3.0,-5.0
30.16048007112728,29.0,50.0,44.0,5.0,0.6178195223903017,1.0,-5.0
3.6783722464789377,4.0,73.0,62.0,0.0,0.7980906369946419,4.0,-1.0
1.193109135321387,1.0,9.0,7.0,5.0,0.05395123536327329,4.0,-2.0
22.266728959677557,16.0,30.0,15.0,10.0,0.7347301620023601,2.0,-3.0
10.622935378101618,12.0,95.0,40.0,8.0,0.19876499422216587,5.0,-5.0
36.55614718360282,37.0,77.0,38.0,2.0,0.007606753261080512,1.0,-1.0
3.517973173977194,2.0,8.0,7.0,0.0,0.37627723927161694,3.0,-5.0
12.478513878506371,15.0,88.0,71.0,10.0,0.6702927143960795,4.0,-4.0
5.423692405931581,7.0,48.0,17.0,1.0,0.20499801975307963,5.0,-5.0
26.35534952455294,28.0,73.0,42.0,7.0,0.6352463583996111,3.0,-2.0
2.348918067093677,4.0,33.0,24.0,10.0,0.9812834742978652,4.0,-5.0
9.570261828023066,11.0,34.0,25.0,9.0,0.6468043808250101,2.0,-1.0
48.62909299332184,16.0,35.0,25.0,6.0,0.3261609233524846,5.0,-3.0
4.684038254665036,4.0,9.0,3.0,2.0,0.7603153286251338,2.0,-1.0
2203.1147129558963,47.0,54.0,20.0,5.0,0.4275987796529426,4.0,-3.0
5.235311533617741,6.0,95.0,88.0,7.0,0.8674148407425455,2.0,-3.0
5.801663396869745,7.0,22.0,13.0,1.0,0.18632553531200957,2.0,-3.0
1.3799963988285484,2.0,21.0,11.0,7.0,0.22028834228907834,1.0,-4.0
226.51059791912883,227.0,82.0,43.0,7.0,0.5860886871481488,1.0,-1.0
16.31716661652817,17.0,49.0,31.0,3.0,0.326287972327973,3.0,-4.0
4.713282850775516,6.0,40.0,28.0,6.0,0.03692670983664448,4.0,-5.0
10.058052192076435,10.0,22.0,14.0,4.0,0.20115434262952359,3.0,-2.0
8.512917102866892,7.0,22.0,16.0,6.0,0.4708857555492092,2.0,-4.0
25.4467177134647,27.0,92.0,31.0,7.0,0.7328609573336242,4.0,-2.0
10.288189666203124,11.0,67.0,52.0,3.0,0.682247806546511,4.0,-4.0
22.56094834637695,23.0,36.0,20.0,4.0,0.6772975115490816,2.0,-2.0
1.792608824282041,3.0,26.0,21.0,4.0,0.7982051570381464,4.0,-2.0
2.5206567992323294,3.0,37.0,12.0,2.0,0.10327800266004006,5.0,-5.0
16.251620632675067,20.0,73.0,17.0,9.0,0.7512902335422534,1.0,-5.0
4.232019175634965,5.0,22.0,13.0,3.0,0.7323777754605301,4.0,-3.0
14.109565645144738,16.0,85.0,56.0,10.0,0.6758905356520694,4.0,-2.0
25.634856237223005,26.0,35.0,28.0,9.0,0.41960722249716753,1.0,-2.0
17.500507032201806,16.0,32.0,22.0,6.0,0.15510582497035086,5.0,-2.0
0.5437497661672196,2.0,10.0,6.0,5.0,0.053639583118784806,1.0,-2.0
16.52018058512597,18.0,47.0,34.0,3.0,0.18725119922003142,3.0,-3.0
4.0641842137863815,4.0,22.0,18.0,2.0,0.8307012260267527,2.0,-4.0
147.38824296829452,99.0,65.0,28.0,7.0,0.7085062770892783,2.0,-4.0
19.28188995627216,20.0,82.0,35.0,4.0,0.8875040787660079,3.0,-2.0
108.07676632002433,15.0,52.0,51.0,7.0,0.37041171025508146,4.0,-3.0
6.9131634427622455,8.0,36.0,21.0,4.0,0.7385390954144009,4.0,-3.0
0.9949752245864344,2.0,32.0,14.0,10.0,0.1224749243551998,3.0,-5.0
6.231229325774968,7.0,29.0,13.0,7.0,0.9459639535696696,3.0,-5.0
1.440705639814891,3.0,88.0,7.0,5.0,0.20147392146523335,5.0,-3.0
16.984837680414678,17.0,73.0,16.0,3.0,0.03910191112207506,5.0,-1.0
1.0617231828770592,2.0,18.0,14.0,1.0,0.8459325444369589,5.0,-3.0
90.69910221451075,16.0,41.0,5.0,4.0,0.47938336570268814,3.0,-2.0
7.233324437532864,8.0,92.0,12.0,1.0,0.1597536008513456,1.0,-2.0
4.006172710455388,5.0,59.0,17.0,10.0,0.1789566285429175,4.0,-3.0
58.66952722916613,43.0,36.0,18.0,10.0,0.3267008055548628,3.0,-1.0
15.611730596829377,18.0,49.0,40.0,6.0,0.3152979158098953,4.0,-1.0
22.59043817023159,22.0,58.0,15.0,3.0,0.737932525234631,4.0,-4.0
97.02502618499656,90.0,99.0,39.0,3.0,0.3286202134960531,5.0,-3.0
17.300235524935335,18.0,72.0,21.0,2.0,0.6579894574892946,5.0,-1.0
10.679603206163877,12.0,63.0,25.0,9.0,0.8397982924025137,5.0,-4.0
18.032233879806196,19.0,71.0,40.0,1.0,0.943828725898637,2.0,-3.0
55.07617146657154,25.0,42.0,31.0,9.0,0.7428176279896715,2.0,-5.0
18.341936034613205,19.0,44.0,8.0,3.0,0.9875717941672775,2.0,-1.0
43.08177195711472,44.0,99.0,39.0,4.0,0.732116729320103,3.0,-3.0
42.64362591907883,43.0,73.0,37.0,9.0,0.22389923700385606,4.0,-2.0
0.8242436542400766,1.0,9.0,5.0,2.0,0.0450374436358425,4.0,-4.0
16.030139293540035,17.0,86.0,52.0,2.0,0.853500775189787,3.0,-3.0
123.6574531559891,124.0,93.0,83.0,2.0,0.11498822504503192,2.0,-1.0
9.561964843216945,11.0,51.0,33.0,5.0,0.7206145728189123,3.0,-1.0
0.35951378724756483,1.0,6.0,4.0,3.0,0.03120935811828629,4.0,-3.0
3.8416138208153066,5.0,41.0,21.0,10.0,0.14207750592999913,4.0,-4.0
6.1053786530887955,7.0,61.0,39.0,2.0,0.9433400156544145,4.0,-3.0
877.2883416645784,187.0,69.0,26.0,0.0,0.5940726443598539,2.0,-3.0
7.078402800060017,8.0,38.0,21.0,3.0,0.09141068943272401,2.0,-3.0
3.033880567262863,4.0,37.0,12.0,4.0,0.26256811943810954,4.0,-5.0
25.85064734009543,27.0,81.0,32.0,4.0,0.4825839649541964,5.0,-1.0
6.41508631989854,6.0,23.0,14.0,9.0,0.4861347043337846,5.0,-2.0
5.975266572521894,7.0,80.0,18.0,6.0,0.1983442795612269,2.0,-3.0
43.89092039605027,27.0,31.0,23.0,4.0,0.5134217290111337,2.0,-3.0
2.7277626119186333,4.0,46.0,14.0,5.0,0.11676544232774178,2.0,-4.0
56.348683614886916,57.0,77.0,52.0,2.0,0.37088927494311885,1.0,-2.0
49.249893232453694,10.0,35.0,15.0,9.0,0.6006769167681291,4.0,-5.0
115.48035009889328,118.0,91.0,52.0,6.0,0.33442994839945017,3.0,-1.0
2.1940674547948613,3.0,33.0,30.0,5.0,0.8418308759655353,2.0,-2.0
16.889332235614265,18.0,66.0,25.0,1.0,0.6784459816707847,5.0,-3.0
7.181937439521232,8.0,39.0,8.0,0.0,0.9023405743535597,5.0,-2.0
6.934693455674152,7.0,15.0,12.0,4.0,0.7163037212225524,1.0,-1.0
6.138286913575856,7.0,32.0,27.0,10.0,0.1757853793190215,3.0,-4.0
12.844361596159569,8.0,26.0,6.0,3.0,0.6510147813027263,4.0,-3.0
1.399774435838889,2.0,23.0,19.0,7.0,0.8730670295939335,4.0,-5.0
26.777816767241674,16.0,15.0,4.0,2.0,0.8035959278733622,1.0,-2.0
7.702884274017268,9.0,44.0,27.0,1.0,0.841393104069939,3.0,-2.0
40.1149700923874,41.0,79.0,43.0,0.0,0.9487102934028075,1.0,-1.0
0.3305624817985757,1.0,11.0,10.0,9.0,0.1949706605788748,1.0,-4.0
2.4816932627080184,3.0,44.0,38.0,10.0,0.8544260273984075,3.0,-1.0
25.488116103708236,15.0,61.0,7.0,5.0,0.7118634416929057,5.0,-5.0
136.22335953454288,67.0,44.0,34.0,3.0,0.795405428131755,1.0,-5.0
77.72899791515255,15.0,41.0,7.0,6.0,0.48748343838708363,3.0,-2.0
0.7012514381386271,2.0,42.0,40.0,4.0,0.9630110154599888,3.0,-1.0
158.5097791921694,83.0,91.0,29.0,5.0,0.48790478439316864,5.0,-4.0
2.1657530375354774,3.0,32.0,29.0,0.0,0.8975332480978422,2.0,-4.0
1.4163398867701842,3.0,65.0,62.0,5.0,0.5196892742133608,5.0,-1.0
2.0115597252527286,3.0,44.0,16.0,9.0,0.15201132672704842,5.0,-5.0
46.63266298299551,47.0,97.0,91.0,0.0,0.009715619143676468,3.0,-2.0
25.54634922729468,28.0,74.0,33.0,4.0,0.6604925996869802,5.0,-5.0
27.94840902694066,29.0,94.0,89.0,4.0,0.11983524751773489,4.0,-4.0
28.08625237974264,29.0,63.0,39.0,8.0,0.9272552933639187,1.0,-1.0
66.26082385294148,49.0,97.0,88.0,5.0,0.4163749404353766,4.0,-5.0
19.29348796691935,21.0,57.0,15.0,2.0,0.3315493805177967,2.0,-2.0
4.35996104039763,6.0,40.0,12.0,6.0,0.524768182816019,1.0,-4.0
11.874070199289186,12.0,56.0,53.0,5.0,0.4646644801854475,4.0,-3.0
23.499779471129962,20.0,47.0,16.0,4.0,0.7021290350503749,4.0,-5.0
14.280552070147012,2.0,11.0,9.0,7.0,0.8280101216000035,1.0,-4.0
1.5553736236368698,2.0,19.0,10.0,6.0,0.23804510813218038,2.0,-4.0
23.14837819565704,24.0,42.0,26.0,6.0,0.02266809773198797,5.0,-1.0
143.22129373579824,143.0,87.0,63.0,9.0,0.7918932118506642,1.0,-3.0
8.691843504064083,10.0,69.0,45.0,10.0,0.862356600169371,4.0,-5.0
54.186695891316084,56.0,53.0,35.0,6.0,0.6162033201924408,1.0,-3.0
9.166635967846524,10.0,25.0,22.0,1.0,0.3418166473794544,1.0,-4.0
31.370809101376288,32.0,60.0,42.0,7.0,0.8579272739596029,1.0,-2.0
3.742235840913763,2.0,8.0,7.0,4.0,0.19972336826017745,4.0,-2.0
5.955640077081007,1.0,7.0,4.0,1.0,0.6115249104895608,4.0,-5.0
26.53982910696166,28.0,88.0,23.0,7.0,0.7415248589709887,4.0,-2.0
1.7470617179564563,3.0,91.0,8.0,0.0,0.04208830072943126,5.0,-5.0
53.43219871178743,47.0,89.0,82.0,0.0,0.18316810374417936,5.0,-3.0
0.5015848628758803,2.0,18.0,5.0,4.0,0.40126388413461556,1.0,-4.0
263.29729858187136,26.0,31.0,4.0,0.0,0.1837576130008568,5.0,-1.0
2.1384723021485224,3.0,38.0,11.0,8.0,0.1996411704172003,5.0,-3.0
280.3638477233528,37.0,38.0,14.0,3.0,0.3267942115877138,4.0,-2.0
15.828058233362105,17.0,51.0,37.0,3.0,0.17038318284253728,2.0,-3.0
213.56358115914608,26.0,70.0,64.0,10.0,0.4163497666560586,5.0,-4.0
30.17748587029472,1.0,8.0,5.0,4.0,0.6208578391673428,3.0,-5.0
72.58588321478831,70.0,69.0,24.0,1.0,0.8028507512302768,2.0,-5.0
1.2992045204950045,3.0,31.0,29.0,5.0,0.5078807021450308,4.0,-1.0
18.64954357915688,19.0,55.0,11.0,0.0,0.70658967433376,5.0,-4.0
5.204896543912599,6.0,44.0,15.0,5.0,0.026244075129887245,1.0,-2.0
1860.763542234908,69.0,89.0,71.0,4.0,0.5515548084023181,4.0,-5.0
1.1060402709725625,2.0,47.0,44.0,8.0,0.9640473293257715,3.0,-5.0
36.74607561390544,39.0,85.0,54.0,1.0,0.48045343782326577,5.0,-3.0
10.570883616394308,11.0,41.0,32.0,5.0,0.962848810151546,1.0,-3.0
7.946691024382422,6.0,20.0,18.0,7.0,0.6026293424888156,1.0,-5.0
67.29684366587931,68.0,98.0,83.0,5.0,0.36819120852900455,2.0,-3.0
2.3464655154930703,2.0,10.0,5.0,2.0,0.34018516465553084,4.0,-4.0
3413.776686585089,1786.0,95.0,24.0,0.0,0.5103990399077661,1.0,-1.0
14.219790164809467,12.0,17.0,13.0,3.0,0.04945912370367256,5.0,-1.0
41.69175929507741,42.0,80.0,38.0,0.0,0.2721372242230691,2.0,-2.0
3.486892657016501,4.0,72.0,68.0,9.0,0.6433941475066274,4.0,-4.0
5.771468850404359,6.0,41.0,37.0,4.0,0.8465322350063237,1.0,-1.0
12.775135225707988,14.0,78.0,19.0,2.0,0.2230966717860352,1.0,-2.0
9.096795295767246,10.0,28.0,17.0,0.0,0.02624200177594127,3.0,-2.0
3.620424956496942,5.0,71.0,58.0,9.0,0.9545265221688404,4.0,-5.0
98.29738926487308,57.0,61.0,49.0,2.0,0.36026558886908067,4.0,-3.0
3.010294372226573,4.0,15.0,14.0,2.0,0.002735778220641971,1.0,-4.0
27.210220065370123,28.0,82.0,68.0,9.0,0.9029025121176253,1.0,-4.0
20.681931704920846,22.0,97.0,30.0,10.0,0.4332817630014332,3.0,-4.0
12.244210330997939,13.0,92.0,21.0,5.0,0.1733149879111895,2.0,-2.0
11.099863261879715,12.0,63.0,40.0,1.0,0.08107386731003274,2.0,-4.0
8.317743433957528,9.0,51.0,36.0,9.0,0.09424091079541785,4.0,-4.0
98.49009647624631,99.0,100.0,81.0,4.0,0.24363910128046073,3.0,-2.0
34.5625301623248,36.0,82.0,30.0,3.0,0.5840865804469907,4.0,-2.0
53.54429243438023,54.0,74.0,9.0,1.0,0.8427896496331855,2.0,-3.0
22.6452628044294,23.0,97.0,19.0,4.0,0.08440245174516137,3.0,-1.0
73.41895156723488,52.0,29.0,10.0,5.0,0.7529295892246585,1.0,-2.0
0.6920302207998964,1.0,6.0,3.0,0.0,0.9335070795799051,5.0,-5.0
20.999636909273345,22.0,89.0,53.0,7.0,0.22618574193247953,4.0,-4.0
9.560289981960077,10.0,36.0,33.0,1.0,0.2361173135306438,2.0,-5.0
1.472645206419141,3.0,39.0,10.0,4.0,0.11571236117782424,3.0,-5.0
2.2805535806412482,1.0,11.0,8.0,7.0,0.7593528684981112,3.0,-4.0
27.414490322006888,21.0,26.0,12.0,4.0,0.7846972537392143,1.0,-5.0
8.606317547960318,9.0,28.0,15.0,6.0,0.8368394274537305,2.0,-1.0
7.1296887728941245,9.0,31.0,18.0,4.0,0.8038935829715272,3.0,-3.0
328.5887499226153,92.0,48.0,40.0,10.0,0.7271751163064277,1.0,-3.0
15.540907295596703,16.0,23.0,16.0,5.0,0.7252120763239914,1.0,-1.0
19.038951824260067,12.0,12.0,5.0,3.0,0.44747610009045946,1.0,-1.0
24.612701531356755,25.0,92.0,39.0,3.0,0.10746811393998545,3.0,-2.0
2.3104028128429492,1.0,7.0,6.0,3.0,0.28358752109345364,3.0,-3.0
48.161853183816675,49.0,41.0,16.0,0.0,0.5063610052862368,2.0,-1.0
53.86786711123497,52.0,61.0,29.0,8.0,0.4323410278893516,4.0,-2.0
5.1019918367408525,6.0,70.0,30.0,7.0,0.049195672278998126,5.0,-5.0
8.923853808969282,8.0,21.0,9.0,6.0,0.4689421018515322,4.0,-1.0
0.8967734543019861,1.0,10.0,8.0,7.0,0.8900310951135245,3.0,-4.0
24.577717981433583,22.0,40.0,31.0,5.0,0.32368854030277316,3.0,-3.0
1.0308332632881982,2.0,31.0,26.0,3.0,0.9833827726309248,5.0,-4.0
22.64894069582657,24.0,94.0,36.0,2.0,0.9451032709373436,3.0,-5.0
21.616013097486984,23.0,84.0,64.0,2.0,0.02635119880448311,2.0,-3.0
9.762735163831382,11.0,65.0,19.0,0.0,0.008970681522556423,4.0,-2.0
5.685680631949348,7.0,77.0,59.0,6.0,0.9073164315993962,4.0,-5.0
5.82798545001551,6.0,30.0,21.0,3.0,0.7573788168939248,3.0,-3.0
20.423156096281815,22.0,42.0,23.0,3.0,0.5860633088287377,3.0,-2.0
46.169415909039095,37.0,79.0,7.0,1.0,0.6949342399681078,4.0,-4.0
36.26372034769326,18.0,18.0,11.0,1.0,0.83860607755015,1.0,-4.0
7.998780828528867,8.0,77.0,15.0,8.0,0.06243331639782923,1.0,-1.0
24.662231292600186,26.0,57.0,35.0,10.0,0.24657605283771344,2.0,-2.0
20.135933530003978,21.0,85.0,19.0,4.0,0.051012619031057804,4.0,-1.0
19.835386716391096,14.0,45.0,43.0,0.0,0.30535953567211704,2.0,-4.0
32.09927261100056,33.0,79.0,29.0,7.0,0.9262779492749045,2.0,-4.0
4.549718492254609,6.0,41.0,16.0,1.0,0.2838487873650559,1.0,-5.0
7.522804961300451,9.0,97.0,68.0,7.0,0.9758241805900999,4.0,-2.0
3.2887909814870393,4.0,36.0,9.0,1.0,0.19593689424803573,4.0,-4.0
32.67110366998006,19.0,34.0,22.0,7.0,0.33818529286489174,5.0,-2.0
16.47201064299963,17.0,100.0,61.0,1.0,0.7367652671264782,5.0,-5.0
53.5927452016235,29.0,87.0,8.0,5.0,0.7193422349793196,4.0,-5.0
4.491670710868217,6.0,24.0,14.0,0.0,0.7782928848669722,4.0,-4.0
4.268146959603776,5.0,78.0,74.0,2.0,0.7342937132822701,2.0,-2.0
20.63262745291691,22.0,82.0,9.0,0.0,0.7911550713034765,5.0,-2.0
6.046440832415761,7.0,38.0,14.0,0.0,0.871159655431772,5.0,-3.0
299.97574644566697,23.0,46.0,9.0,5.0,0.3538905508408614,4.0,-2.0
5.681425891044616,6.0,28.0,18.0,8.0,0.9600202540634082,2.0,-4.0
26.703253126524025,28.0,90.0,24.0,3.0,0.8679022429147685,3.0,-1.0
8.085908903091966,9.0,68.0,53.0,6.0,0.7616754471646919,4.0,-5.0
66.0640652263247,67.0,88.0,43.0,10.0,0.5603856642580569,2.0,-1.0
30.109935229024927,32.0,89.0,41.0,8.0,0.5808032481704634,1.0,-4.0
37.647220515335135,24.0,44.0,42.0,2.0,0.13392922333609314,5.0,-2.0
49.62497834484777,16.0,36.0,21.0,3.0,0.4780296816023304,5.0,-4.0
0.858944041322602,1.0,11.0,9.0,8.0,0.8321100979175546,3.0,-1.0
3.663376289057272,4.0,28.0,13.0,9.0,0.18162221489786656,3.0,-2.0
42.7908912789539,43.0,78.0,64.0,2.0,0.8654344865533834,1.0,-4.0
42.534557044514216,21.0,57.0,13.0,3.0,0.6034452996746907,5.0,-5.0
63.152194288960594,44.0,34.0,29.0,3.0,0.6470740435358674,1.0,-3.0
43.655570965072485,30.0,68.0,51.0,7.0,0.5389411926684023,5.0,-5.0
4.453557641707418,5.0,60.0,25.0,6.0,0.07337478194812985,5.0,-5.0
30.69481242070479,13.0,25.0,12.0,0.0,0.6779405417999518,3.0,-5.0
12.77149770072224,14.0,44.0,31.0,6.0,0.007086031387607883,4.0,-2.0
2.5127672823939586,3.0,96.0,5.0,1.0,0.0680215906432099,4.0,-2.0
35.232565150788695,36.0,35.0,21.0,10.0,0.6986798284496553,1.0,-1.0
150.45058917281273,131.0,65.0,38.0,10.0,0.23589218247458887,4.0,-1.0
10.098494625187179,13.0,60.0,57.0,10.0,0.32815342585132223,5.0,-2.0
23.16635754447428,24.0,57.0,17.0,8.0,0.9544402907190513,2.0,-4.0
28.872759906272552,30.0,60.0,38.0,5.0,0.6802805534718386,3.0,-4.0
0.6016223698478207,2.0,13.0,7.0,5.0,0.2792759211768516,1.0,-5.0
5.634406716158127,6.0,85.0,6.0,2.0,0.3225190245616739,2.0,-2.0
5.097376021520814,6.0,39.0,17.0,4.0,0.11241705805522373,1.0,-3.0
108.6360257589347,50.0,86.0,78.0,5.0,0.4160039228584398,4.0,-4.0
4.170434702829027,5.0,23.0,15.0,4.0,0.3374836100919745,2.0,-5.0
0.8028796833548192,1.0,8.0,6.0,5.0,0.6415761808869639,5.0,-2.0
35.658224496453286,35.0,92.0,77.0,3.0,0.49118447960330214,5.0,-4.0
12.161907510561129,13.0,98.0,43.0,7.0,0.9203861517644228,5.0,-1.0
9.710124888915129,10.0,34.0,10.0,4.0,0.2303480461779046,4.0,-2.0
4.5596781090848895,5.0,17.0,11.0,5.0,0.7719607873229292,2.0,-1.0
2.591554710052882,3.0,89.0,87.0,5.0,0.8245339311595365,2.0,-5.0
23.269922534200415,25.0,95.0,18.0,2.0,0.5781042837972024,1.0,-3.0
8.16403316450725,9.0,39.0,21.0,10.0,0.3789466767860701,3.0,-4.0
32.49741137487833,28.0,79.0,6.0,4.0,0.8492665533134226,3.0,-2.0
5.5071904882922045,8.0,42.0,37.0,0.0,0.5582719929162105,4.0,-3.0
21.192096875279827,22.0,74.0,59.0,10.0,0.1375634578458581,2.0,-3.0
0.8334066718621631,2.0,14.0,11.0,7.0,0.7666138675725587,5.0,-1.0
15.63268406754776,17.0,83.0,71.0,1.0,0.823946071194253,2.0,-5.0
17.00608838973839,18.0,93.0,59.0,10.0,0.7776982194768673,4.0,-5.0
19.55768530206874,21.0,59.0,23.0,0.0,0.7101771559872687,3.0,-1.0
2.8656404969520244,1.0,7.0,6.0,5.0,0.5348962125941348,5.0,-5.0
24.51910091851402,21.0,44.0,43.0,7.0,0.13293923256361206,2.0,-2.0
13.34778053321352,14.0,99.0,71.0,2.0,0.6829545048123307,4.0,-2.0
3.141513860733091,4.0,22.0,19.0,10.0,0.2270278344148513,1.0,-4.0
1.733306088855795,3.0,43.0,11.0,6.0,0.35255654573003103,1.0,-5.0
22.283107766906006,21.0,31.0,3.0,0.0,0.8141393055773003,2.0,-2.0
9.291378111442384,10.0,34.0,13.0,4.0,0.01045335105110512,2.0,-1.0
54.676784505475,19.0,67.0,7.0,5.0,0.44247969628026884,5.0,-2.0
22.858652619796455,23.0,55.0,14.0,9.0,0.7587263053684314,3.0,-2.0
14.831401846533316,16.0,34.0,20.0,2.0,0.35727176451351683,2.0,-3.0
10.11631900901905,11.0,55.0,38.0,7.0,0.893484378551919,2.0,-1.0
0.4001340207662229,2.0,13.0,4.0,3.0,0.07154819274763269,4.0,-3.0
7.369100203812613,6.0,26.0,19.0,8.0,0.7437390557597919,3.0,-5.0
7.259889342035043,8.0,22.0,16.0,0.0,0.1990274146687273,1.0,-3.0
6.75969260112978,4.0,22.0,20.0,5.0,0.3089960202316995,4.0,-5.0
2.123183129157559,3.0,17.0,14.0,9.0,0.4825945589714954,4.0,-1.0
6.615661945939014,4.0,17.0,11.0,9.0,0.3813877446891937,4.0,-1.0
7.079082462876091,8.0,50.0,16.0,2.0,0.9718403313726798,5.0,-2.0
83.0220764322382,22.0,34.0,23.0,3.0,0.3941571741956683,4.0,-3.0
1.7905129399676516,3.0,58.0,10.0,7.0,0.04635749638040276,5.0,-2.0
69.69986213431764,66.0,70.0,42.0,6.0,0.4139166159548855,3.0,-3.0
6.7179046638118916,7.0,55.0,25.0,6.0,0.9332097674295016,5.0,-3.0
16.54898922769896,18.0,51.0,28.0,6.0,0.6271161397018705,4.0,-3.0
35.64204265374437,37.0,72.0,29.0,7.0,0.6412880789001729,3.0,-2.0
10.529484967884422,12.0,54.0,43.0,7.0,0.8635264963582967,2.0,-5.0
6.235546692644504,8.0,52.0,38.0,7.0,0.004071895536605474,2.0,-5.0
7.706050600913315,9.0,32.0,24.0,0.0,0.3142606971471755,1.0,-5.0
8.19047739232849,9.0,36.0,26.0,2.0,0.00872098397952803,5.0,-3.0
6.054651922353275,7.0,57.0,31.0,10.0,0.9117773476789423,5.0,-3.0
25.848092608110644,27.0,89.0,49.0,5.0,0.3829577893999444,2.0,-4.0
123.87164896734609,100.0,88.0,84.0,6.0,0.06171932715537187,5.0,-1.0
11.010861449213223,4.0,20.0,18.0,5.0,0.47741844995551064,3.0,-5.0
6.545155032573368,8.0,44.0,13.0,3.0,0.967040980040233,5.0,-3.0
83.16413570166789,84.0,81.0,30.0,7.0,0.9355408525756638,1.0,-5.0
15.01696547836972,15.0,41.0,38.0,9.0,0.2137701715866458,2.0,-3.0
244.76005938134054,156.0,63.0,35.0,9.0,0.5285994374151294,2.0,-2.0
42.03084143829159,5.0,29.0,9.0,4.0,0.5475841056605145,5.0,-5.0
10.99918894278995,12.0,69.0,33.0,5.0,0.20776539400656435,3.0,-4.0
1.8274410196206052,3.0,46.0,13.0,8.0,0.06598339613745108,1.0,-3.0
2.0533781967840072,3.0,14.0,11.0,6.0,0.0706235334636004,5.0,-3.0
18.757385484255266,20.0,97.0,85.0,3.0,0.1047314352629275,1.0,-5.0
84.7145561360757,81.0,94.0,86.0,2.0,0.6680724780735594,1.0,-5.0
6.161347528267273,8.0,79.0,72.0,9.0,0.6272230211941503,3.0,-2.0
0.4116838462037114,1.0,4.0,2.0,1.0,0.9822621073314929,5.0,-3.0
257.86660138380364,52.0,67.0,7.0,4.0,0.6465356891338535,2.0,-3.0
40.803089032541855,43.0,83.0,58.0,3.0,0.7687831182751125,2.0,-4.0
75.01584873214345,67.0,66.0,56.0,7.0,0.4693609395130284,2.0,-3.0
411.8237529304104,356.0,59.0,45.0,2.0,0.5169975625499748,1.0,-1.0
81.9667390867529,37.0,39.0,13.0,1.0,0.6422665255571952,2.0,-4.0
7.900914286965253,9.0,60.0,37.0,9.0,0.701579357321882,5.0,-2.0
56.555681535758346,57.0,77.0,54.0,6.0,0.07563945215962842,1.0,-1.0
27.95194955565304,22.0,73.0,72.0,7.0,0.20932260077877862,4.0,-4.0
12.629681195718671,13.0,54.0,14.0,7.0,0.22287503177938783,1.0,-1.0
0.4288953960917632,2.0,23.0,11.0,9.0,0.048122616435261945,2.0,-5.0
22.032883245101807,23.0,57.0,25.0,5.0,0.6904749200912143,3.0,-2.0
15.0521579598733,17.0,74.0,31.0,3.0,0.18996693503301854,3.0,-3.0
37.414281861483836,38.0,75.0,49.0,8.0,0.8135602567729079,2.0,-5.0
387.82866882695606,87.0,74.0,27.0,2.0,0.5151484417533386,4.0,-4.0
28.274602541429523,29.0,72.0,48.0,8.0,0.6414697162988933,3.0,-3.0
3.0109066206060966,4.0,75.0,16.0,5.0,0.2244358933442172,1.0,-5.0
49.991316335765426,50.0,73.0,35.0,10.0,0.8800660073118894,1.0,-1.0
8.920865155593766,10.0,74.0,42.0,7.0,0.764516005302741,5.0,-1.0
7.8146694480516254,2.0,15.0,13.0,8.0,0.709321488543546,2.0,-4.0
63.596431141300705,64.0,43.0,35.0,10.0,0.303448090157338,1.0,-1.0
15.054217456370141,17.0,61.0,42.0,9.0,0.22599040687734184,4.0,-4.0
1.228819470599109,1.0,6.0,4.0,3.0,0.4651345345922898,4.0,-5.0
1.7602644742892235,3.0,47.0,43.0,7.0,0.9090482253110828,3.0,-5.0
9.956765276122633,11.0,44.0,41.0,2.0,0.18051087345395045,1.0,-5.0
44.391824278800584,45.0,87.0,72.0,6.0,0.07331996352207826,5.0,-2.0
7.907009335623425,8.0,84.0,16.0,8.0,0.24705986611279107,2.0,-2.0
4.485379816003982,6.0,27.0,11.0,5.0,0.795306422718778,5.0,-2.0
6.1992603848270695,7.0,29.0,8.0,1.0,0.8387500878556144,5.0,-5.0
17.05013960964667,18.0,70.0,29.0,9.0,0.2609984395780519,4.0,-3.0
65.92594174707648,68.0,91.0,57.0,7.0,0.3735955359529941,3.0,-3.0
12.478614990972337,14.0,86.0,54.0,9.0,0.7293763505997208,5.0,-4.0
0.29791093247107736,1.0,6.0,3.0,2.0,0.182588003846461,4.0,-5.0
21.446012395998675,22.0,82.0,77.0,9.0,0.8721905958372389,1.0,-5.0
50.736364094665916,43.0,65.0,12.0,0.0,0.4605805414777393,3.0,-3.0
24.231401870282237,21.0,31.0,27.0,10.0,0.7216916850486429,1.0,-2.0
2.1669603480495327,3.0,100.0,98.0,1.0,0.48073795533455277,3.0,-1.0
287.8180157583767,83.0,66.0,58.0,10.0,0.1712992235614118,5.0,-1.0
800.6585035034612,500.0,94.0,13.0,2.0,0.36705557556501567,2.0,-1.0
4.764411522607276,6.0,19.0,16.0,6.0,0.27161142167523067,5.0,-1.0
3.7833012933566366,5.0,31.0,24.0,7.0,0.6500262148267114,5.0,-4.0
51.62999425841089,53.0,74.0,37.0,1.0,0.46054617856504854,2.0,-3.0
8.586696246819633,10.0,80.0,64.0,7.0,0.8579184522791017,3.0,-5.0
0.8569844887593754,2.0,49.0,8.0,6.0,0.09517649615216894,4.0,-3.0
13.506906606138386,14.0,75.0,54.0,0.0,0.936394305651602,2.0,-5.0
23.742790598868982,25.0,70.0,46.0,7.0,0.11913203943463135,1.0,-2.0
5.325918159751376,6.0,41.0,23.0,4.0,0.07208999994325371,2.0,-4.0
25.944849688889757,17.0,36.0,7.0,6.0,0.8529592600441912,2.0,-4.0
11.931111569649989,13.0,57.0,31.0,8.0,0.25903334880269324,4.0,-4.0
25.947519946263373,27.0,94.0,54.0,3.0,0.33908237276870357,2.0,-4.0
29.768020906815764,31.0,61.0,31.0,2.0,0.5725418422959438,4.0,-3.0
10.746790099624443,12.0,41.0,38.0,9.0,0.07537995691817234,1.0,-3.0
21.512130543751958,24.0,91.0,70.0,4.0,0.49702417583238456,5.0,-3.0
1.50351887607703,2.0,37.0,12.0,8.0,0.19136778169007573,3.0,-4.0
8.7977451152626,10.0,61.0,45.0,7.0,0.688378260409391,4.0,-3.0
4.371384323270352,6.0,94.0,78.0,0.0,0.8660167767639786,5.0,-5.0
8.304440124950656,9.0,22.0,15.0,4.0,0.2251357974572925,1.0,-2.0
23.774102603215,25.0,94.0,61.0,8.0,0.34633543332550043,3.0,-5.0
7.6854729431818,9.0,42.0,26.0,0.0,0.1616994140475635,5.0,-5.0
27.461947564546737,29.0,45.0,36.0,0.0,0.42227378980145736,1.0,-3.0
5.705043354193283,6.0,9.0,7.0,2.0,0.061791235440399106,1.0,-1.0
11.077039060515995,12.0,96.0,23.0,2.0,0.026046629309670166,2.0,-2.0
38.104770215952605,24.0,25.0,13.0,1.0,0.337015759801243,3.0,-2.0
4.625406993346818,6.0,83.0,28.0,9.0,0.12746476681234797,2.0,-5.0
2.89210984240077,4.0,88.0,18.0,7.0,0.1329498148248912,4.0,-5.0
2.4111004378723395,3.0,53.0,47.0,10.0,0.8976980556890166,3.0,-2.0
2.1069751284149545,3.0,88.0,13.0,4.0,0.09105919318738209,3.0,-5.0
38.877408234313855,40.0,87.0,67.0,9.0,0.6449196549885371,3.0,-4.0
40.261015534168656,41.0,55.0,34.0,5.0,0.06992505892338752,3.0,-1.0
211.91336301361784,42.0,49.0,21.0,1.0,0.3915161835489114,5.0,-3.0
9.174879818649613,10.0,36.0,17.0,5.0,0.4102312178325599,4.0,-5.0
13.710828202841876,15.0,70.0,59.0,1.0,0.8003809329539019,2.0,-4.0
9.092784046701876,10.0,20.0,13.0,6.0,0.07671959200295642,2.0,-1.0
0.6364635097086426,2.0,42.0,8.0,7.0,0.34697400226947017,3.0,-4.0
74.85836030260438,76.0,67.0,20.0,1.0,0.2713087307149331,5.0,-1.0
52.316194184042686,54.0,99.0,21.0,8.0,0.4981868280617068,4.0,-1.0
86.72803281381329,74.0,43.0,14.0,0.0,0.8890631034724702,1.0,-5.0
19.580371051902258,20.0,69.0,18.0,9.0,0.27017800183297247,1.0,-1.0
1.5524309197867472,1.0,4.0,1.0,0.0,0.7864906272817731,3.0,-2.0
18.141603954027502,19.0,87.0,71.0,8.0,0.9409753415559472,1.0,-1.0
34.39819042408739,18.0,43.0,17.0,5.0,0.45639305493961035,4.0,-4.0
69.95335500727052,51.0,49.0,31.0,0.0,0.6509782227706733,2.0,-5.0
13.71778138911374,15.0,74.0,42.0,2.0,0.010509572709189174,5.0,-3.0
2303.4477873466794,55.0,35.0,18.0,6.0,0.50184506027154,2.0,-2.0
16.5891619722477,17.0,28.0,15.0,8.0,0.445911041524399,3.0,-1.0
9.58343737449707,9.0,24.0,8.0,3.0,0.8099352988578032,3.0,-4.0
25.63371380296734,26.0,48.0,39.0,3.0,0.675550060150827,1.0,-1.0
298.74140260847935,74.0,38.0,33.0,8.0,0.6387718611239119,1.0,-2.0
151.5027673005099,152.0,66.0,49.0,6.0,0.3580884007395445,1.0,-1.0
3.760642518541825,5.0,42.0,21.0,7.0,0.18246170013413987,2.0,-5.0
15.62257177872491,16.0,32.0,30.0,1.0,0.028742304266539453,3.0,-2.0
12.817038508180625,13.0,67.0,53.0,5.0,0.031873139323843835,4.0,-4.0
626.1782525808864,19.0,18.0,3.0,0.0,0.7559887100590668,1.0,-3.0
13.824798957569516,16.0,71.0,24.0,2.0,0.34086567864370787,5.0,-5.0
14.826730382164314,12.0,48.0,16.0,9.0,0.45278797267116566,5.0,-5.0
156.41969861795266,86.0,86.0,52.0,2.0,0.5200385739692099,4.0,-5.0
3.351890679336262,4.0,85.0,73.0,6.0,0.9300115043517384,4.0,-2.0
28.286239075843643,29.0,80.0,10.0,0.0,0.3232356027751323,1.0,-1.0
6.067409060823789,7.0,51.0,23.0,3.0,0.9358033145974162,5.0,-1.0
38.20420174955982,21.0,63.0,62.0,6.0,0.19177408035149823,5.0,-3.0
32.136320019442934,33.0,58.0,14.0,1.0,0.7897224487576607,2.0,-1.0
69.77496729231203,71.0,74.0,51.0,0.0,0.4230262801541086,1.0,-2.0
0.977189636186922,3.0,60.0,59.0,9.0,0.5747632602967258,4.0,-3.0
24.266067256693418,26.0,76.0,61.0,5.0,0.4045367842399604,3.0,-1.0
47.90961426906706,43.0,75.0,49.0,0.0,0.3977240774162589,5.0,-5.0
17.53089140317868,19.0,90.0,61.0,8.0,0.16279420917533305,2.0,-4.0
40.86473826746772,42.0,66.0,34.0,9.0,0.4627418726599112,1.0,-2.0
13.286303092250341,14.0,95.0,71.0,3.0,0.9677285927891505,2.0,-4.0
5.7771394695803195,6.0,99.0,89.0,3.0,0.9103201536940132,2.0,-1.0
14.947534070716,16.0,91.0,21.0,9.0,0.9603808366386194,5.0,-3.0
6.916819051112088,8.0,54.0,33.0,9.0,0.10603938536916702,1.0,-4.0
10.892827895460018,12.0,60.0,33.0,5.0,0.20421447070206078,3.0,-4.0
2.8743669307321125,4.0,94.0,82.0,5.0,0.917483233323435,5.0,-5.0
3144.8722175321946,68.0,43.0,14.0,1.0,0.40184427207174456,3.0,-2.0
24.377629169856576,25.0,72.0,23.0,3.0,0.3931918910756862,1.0,-2.0
0.2654635117305224,2.0,54.0,5.0,4.0,0.13700043893409553,4.0,-5.0
16.500056873730856,18.0,50.0,24.0,3.0,0.571969018038611,5.0,-3.0
187.01605290066442,179.0,82.0,17.0,9.0,0.7825212488301302,1.0,-2.0
4.576909441123199,6.0,97.0,19.0,2.0,0.14285591332157133,4.0,-5.0
11.544493364266229,10.0,25.0,18.0,2.0,0.20175723075118934,5.0,-3.0
4.4619661477137385,4.0,26.0,11.0,8.0,0.8361746706143397,5.0,-5.0
2.6028781199314355,5.0,33.0,15.0,10.0,0.2598811887448408,4.0,-4.0
23.256652354849646,24.0,98.0,42.0,9.0,0.7346521986164994,4.0,-2.0
0.6700828450947505,2.0,73.0,72.0,6.0,0.6230881962284077,3.0,-1.0
0.8655323736159253,3.0,47.0,1.0,0.0,0.30744028560088965,3.0,-3.0
477.61030197111455,477.0,87.0,26.0,0.0,0.47278115663261755,1.0,-1.0
173.987496651128,34.0,50.0,7.0,1.0,0.32102059945000505,5.0,-2.0
1.3533352791466862,2.0,16.0,9.0,7.0,0.3152712015623862,4.0,-4.0
8.779995206403534,10.0,97.0,68.0,0.0,0.9225514532152891,4.0,-5.0
64.02319449235316,67.0,67.0,45.0,7.0,0.26872509306803694,4.0,-1.0
20.380658989566793,21.0,62.0,27.0,5.0,0.9434628882011823,2.0,-3.0
3.1373380597615976,4.0,21.0,13.0,8.0,0.5677153739487915,1.0,-5.0
45.92493261666438,47.0,62.0,23.0,6.0,0.4748686525956506,4.0,-2.0
5.81693536416612,7.0,23.0,11.0,5.0,0.6125883905784208,4.0,-1.0
16.07635578710617,19.0,68.0,59.0,7.0,0.3119656733053685,4.0,-1.0
33.792494817547535,34.0,43.0,32.0,7.0,0.13009537864872034,1.0,-1.0
3.875925997429075,5.0,30.0,20.0,10.0,0.20285305437303203,3.0,-4.0
23.070399593931874,15.0,35.0,28.0,6.0,0.757631300734205,2.0,-5.0
11.608950976562387,13.0,90.0,67.0,4.0,0.995307458150941,2.0,-2.0
2.558601020134129,3.0,17.0,15.0,8.0,0.25282598225236064,1.0,-4.0
1.6561060477330987,3.0,20.0,13.0,7.0,0.13770436028460353,5.0,-5.0
5.17914025466439,7.0,68.0,10.0,0.0,0.17819626719596016,3.0,-3.0
265.81185023816585,186.0,67.0,57.0,2.0,0.6982716816888334,1.0,-3.0
36.67523440188892,39.0,95.0,55.0,10.0,0.34662674712965735,4.0,-4.0
34.00072827629267,32.0,95.0,93.0,7.0,0.07844040230963556,3.0,-3.0
15.144614781948665,16.0,89.0,16.0,1.0,0.0023872311054262685,3.0,-1.0
55.95928346586237,17.0,36.0,26.0,9.0,0.5280296699745711,3.0,-4.0
26.237029407124993,27.0,81.0,68.0,9.0,0.1502539629430928,2.0,-3.0
0.34149010922294143,1.0,8.0,7.0,6.0,0.8469060713586337,4.0,-3.0
5.231054259116381,7.0,27.0,7.0,2.0,0.26104243273302474,2.0,-2.0
0.5078107730805332,1.0,2.0,1.0,0.0,0.2576906334943927,1.0,-3.0
89.24669562332728,92.0,97.0,63.0,0.0,0.47619329715802516,3.0,-2.0
10.4992566730017,6.0,19.0,12.0,4.0,0.31972018524522805,4.0,-3.0
17.43517356335372,19.0,52.0,27.0,7.0,0.47548225882460593,2.0,-4.0
3.8501577360865373,5.0,42.0,16.0,1.0,0.1380069652923287,3.0,-5.0
22.153542544061427,18.0,29.0,6.0,1.0,0.5063681121146129,4.0,-2.0
17.47981870273461,19.0,87.0,43.0,3.0,0.6453126541304824,5.0,-2.0
8.54256565564305,8.0,33.0,9.0,5.0,0.7261825511131142,5.0,-3.0
3.7106139921726733,5.0,14.0,9.0,6.0,0.782495296874247,2.0,-1.0
35.443699568448835,37.0,81.0,72.0,10.0,0.5417911563273012,1.0,-5.0
76.97858995578743,7.0,18.0,12.0,7.0,0.5870093749369227,2.0,-3.0
63.33041727049394,42.0,62.0,32.0,3.0,0.49707844682431435,5.0,-4.0
2.2458854864218623,3.0,42.0,41.0,6.0,0.9075431128053043,1.0,-5.0
1.2721407841984036,2.0,11.0,5.0,4.0,0.9684954574671454,5.0,-4.0
144.56628076891008,75.0,38.0,25.0,8.0,0.22060172000417133,3.0,-1.0
4.575548880611985,7.0,40.0,10.0,7.0,0.5573901595095353,2.0,-4.0
2.6176282930818413,3.0,9.0,7.0,1.0,0.3384810920319805,3.0,-5.0
3.5237741204801574,7.0,81.0,80.0,3.0,0.7548266621367294,2.0,-5.0
13.764605018579422,5.0,18.0,17.0,7.0,0.5683747374788083,1.0,-3.0
6.505134714418882,8.0,65.0,12.0,2.0,0.4925505638542853,1.0,-4.0
31.560758446913923,33.0,87.0,31.0,6.0,0.5548710661956592,4.0,-1.0
0.8337441871857172,2.0,18.0,11.0,9.0,0.12023653520129474,2.0,-3.0
50.55255560278113,41.0,57.0,50.0,6.0,0.8564116258697938,1.0,-5.0
8.959636662027714,10.0,67.0,22.0,6.0,0.24602369984971473,5.0,-4.0
13.308818905619807,14.0,92.0,47.0,5.0,0.9312462938139814,4.0,-5.0
0.5049031377825689,1.0,2.0,1.0,0.0,0.006474030912282047,1.0,-2.0
6.672771910257346,5.0,22.0,9.0,5.0,0.7435269812687677,4.0,-4.0
3.0241527507026835,4.0,73.0,64.0,3.0,0.9960066913456882,3.0,-3.0
3.048766268835666,4.0,34.0,33.0,5.0,0.6640007648703591,1.0,-1.0
5.526942494497604,6.0,24.0,14.0,8.0,0.972759803711044,2.0,-5.0
1.352089571475789,2.0,78.0,77.0,8.0,0.9131986571245948,1.0,-2.0
1.7654150678518403,2.0,13.0,6.0,3.0,0.16258536344866448,5.0,-3.0
50.61108485284132,51.0,77.0,21.0,9.0,0.15257955827308722,4.0,-1.0
45.19627915323301,42.0,50.0,33.0,0.0,0.3783085664783852,3.0,-3.0
55.453796498985696,35.0,45.0,14.0,2.0,0.4639339391300904,3.0,-3.0
10.284436502021833,11.0,93.0,59.0,10.0,0.9008523217626097,4.0,-3.0
2.1019238817933963,3.0,14.0,6.0,2.0,0.2742453788827104,1.0,-3.0
1239.4536438014725,59.0,60.0,45.0,9.0,0.710136420628322,2.0,-5.0
286.8757059587778,5.0,14.0,10.0,3.0,0.2822284555124641,5.0,-2.0
6.9832732256694054,8.0,23.0,16.0,3.0,0.02768175954467711,3.0,-2.0
61.03714945577872,51.0,86.0,80.0,7.0,0.3006678428604961,3.0,-3.0
6.023851913499655,7.0,14.0,8.0,2.0,0.39920808433400556,4.0,-1.0
24.672596500611558,26.0,92.0,32.0,1.0,0.21794316166099703,5.0,-3.0
1.325869791272762,2.0,8.0,7.0,3.0,0.6257036458358975,3.0,-3.0
0.5339487196432637,2.0,13.0,12.0,3.0,0.9818341465632316,2.0,-5.0
60.61147112959825,49.0,44.0,6.0,4.0,0.875648010141783,1.0,-2.0
1.7096882567004146,3.0,21.0,15.0,7.0,0.850941171671823,5.0,-5.0
10.352401561941656,10.0,38.0,17.0,10.0,0.6285643526087936,5.0,-3.0
18.821420830896212,20.0,69.0,39.0,9.0,0.3784523834155694,4.0,-5.0
24.36161408407029,25.0,68.0,62.0,10.0,0.37309889385365436,1.0,-4.0
95.05698562773229,96.0,99.0,21.0,9.0,0.9551401048668536,1.0,-3.0
3.1660573978377173,5.0,58.0,13.0,7.0,0.3881123173849539,3.0,-5.0
44.001971762743544,46.0,80.0,65.0,4.0,0.6022830812790656,1.0,-5.0
9.84745808140286,12.0,54.0,47.0,2.0,0.7138554175876571,3.0,-5.0
84.85929967821392,85.0,60.0,15.0,7.0,0.8434298506297672,1.0,-2.0
16.78628435878304,18.0,89.0,23.0,6.0,0.847397337606478,5.0,-2.0
47.40229936722702,32.0,41.0,22.0,1.0,0.4858320625600472,4.0,-3.0
3.106872704597712,4.0,50.0,13.0,8.0,0.13022155766678822,1.0,-2.0
16.829280345915315,19.0,36.0,18.0,9.0,0.7442029623864812,1.0,-5.0
10.718604862432713,11.0,51.0,32.0,2.0,0.22011282825485978,5.0,-5.0
1.0615420018903774,1.0,8.0,7.0,5.0,0.01656404464469996,5.0,-2.0
712.458659330439,123.0,79.0,71.0,4.0,0.38119189117219354,3.0,-2.0
15.167599120488223,16.0,83.0,33.0,10.0,0.7160834377149442,5.0,-1.0
1.602437399065777,1.0,12.0,9.0,7.0,0.6090185022008507,5.0,-3.0
2.7522913392658532,6.0,45.0,43.0,5.0,0.5908334072172334,4.0,-4.0
1.3448527996252213,3.0,18.0,16.0,4.0,0.6410216579154189,4.0,-3.0
9.01820870297541,7.0,25.0,15.0,7.0,0.513608457751436,5.0,-3.0
196.32851591974185,178.0,78.0,17.0,9.0,0.436901239595333,2.0,-1.0
13.34219824781061,15.0,76.0,20.0,2.0,0.37869956803135907,3.0,-4.0
3.619962090825019,3.0,11.0,8.0,1.0,0.2582847615399806,4.0,-4.0
12.953684002778887,8.0,26.0,23.0,2.0,0.26431550716044283,5.0,-4.0
91.58260795506993,94.0,68.0,29.0,0.0,0.6708364976507677,1.0,-3.0
3.126877327593457,4.0,44.0,15.0,0.0,0.02254242710341192,4.0,-5.0
56.82627161268871,59.0,78.0,37.0,4.0,0.34429945458834266,4.0,-1.0
93.30567064037852,89.0,86.0,8.0,3.0,0.31547089630000036,2.0,-1.0
2925.422075158555,119.0,84.0,77.0,2.0,0.8290604456341036,1.0,-5.0
10.63924153484056,8.0,40.0,39.0,4.0,0.2850486351966487,1.0,-5.0
1.2982959088128616,1.0,5.0,4.0,2.0,0.09190382771385852,3.0,-2.0
30.045707528409565,34.0,85.0,31.0,2.0,0.3793504863690629,4.0,-4.0
18.229574918966367,22.0,80.0,74.0,0.0,0.5411419357463836,4.0,-4.0
40.583317559087575,42.0,94.0,43.0,5.0,0.5641684999368656,3.0,-1.0
32.774670564554455,32.0,51.0,14.0,4.0,0.5214867628093223,4.0,-2.0
2.806549165360553,4.0,15.0,12.0,7.0,0.6896427870718825,2.0,-1.0
0.5847966784551426,2.0,76.0,74.0,8.0,0.883998413015409,4.0,-1.0
0.4190625301566437,3.0,40.0,39.0,1.0,0.7386278724624233,5.0,-5.0
43.16267764816434,44.0,97.0,83.0,2.0,0.03084467638765198,2.0,-2.0
12.070917491664124,13.0,79.0,62.0,4.0,0.01950628409105304,5.0,-5.0
4.7776897350131495,6.0,93.0,76.0,9.0,0.8197756379881691,5.0,-3.0
47.461937012462556,51.0,83.0,30.0,1.0,0.5648306768699545,2.0,-4.0
0.8766664664230068,1.0,9.0,6.0,5.0,0.8844108027174038,4.0,-1.0
6.220528996210395,6.0,13.0,10.0,0.0,0.5654032798472045,1.0,-5.0
118.07373985429027,56.0,62.0,47.0,1.0,0.3263016187418487,5.0,-3.0
10.762598303685634,12.0,96.0,71.0,8.0,0.7204765258131455,4.0,-2.0
4.548972075240194,6.0,44.0,13.0,9.0,0.6241360934365027,1.0,-4.0
38.161323045501085,39.0,98.0,70.0,2.0,0.2464545700748687,5.0,-4.0
38.764547083781906,40.0,75.0,35.0,5.0,0.5053117818950561,4.0,-2.0
0.3467142765470982,1.0,3.0,1.0,0.0,0.2644725903851848,3.0,-5.0
18.705144049128556,22.0,44.0,39.0,2.0,0.2112176913016337,5.0,-1.0
0.6254819973403566,1.0,8.0,3.0,2.0,0.26680366248177845,5.0,-4.0
69.34727663484783,70.0,98.0,80.0,3.0,0.17792927498667888,3.0,-2.0
3.171185629671445,4.0,78.0,20.0,6.0,0.07315592514484526,3.0,-5.0
18.749498756378387,20.0,96.0,81.0,5.0,0.560004277393252,3.0,-2.0
0.380935747193796,1.0,4.0,3.0,2.0,0.8472349579997289,4.0,-5.0
96.31032800310548,74.0,71.0,34.0,7.0,0.6263106842331696,3.0,-4.0
28.619139247194212,29.0,97.0,60.0,6.0,0.028287699941097144,2.0,-2.0
5.139023435258169,6.0,57.0,17.0,9.0,0.06332628588222633,5.0,-2.0
1.1896193118655747,2.0,84.0,4.0,2.0,0.06375798038053415,3.0,-2.0
220.8713258116876,123.0,69.0,61.0,8.0,0.12667354713939705,5.0,-1.0
5.420562834135776,7.0,76.0,63.0,6.0,0.5663791564882348,5.0,-1.0
30.319053019064818,25.0,46.0,8.0,0.0,0.7816671622960377,3.0,-5.0
3.656978280724149,5.0,43.0,34.0,10.0,0.6922096501058702,4.0,-1.0
4.520694507016456,5.0,21.0,14.0,3.0,0.14168638895377816,1.0,-3.0
13.308788085889532,15.0,86.0,60.0,7.0,0.49226606049334376,5.0,-1.0
15.244471477645103,16.0,69.0,29.0,8.0,0.7706503420891202,4.0,-2.0
40.41115063976034,43.0,55.0,13.0,0.0,0.6695766527666663,1.0,-3.0
10.725782762538476,12.0,66.0,20.0,7.0,0.4469918119774765,1.0,-3.0
9.51049294167557,10.0,43.0,26.0,3.0,0.11632370391207436,2.0,-3.0
21.57578791681909,23.0,65.0,23.0,4.0,0.7066609251465589,4.0,-3.0
21.650490967374402,23.0,69.0,52.0,9.0,0.4027803705255678,1.0,-4.0
90.39794723206457,30.0,35.0,14.0,8.0,0.483406702851899,2.0,-2.0
56.19548583329735,57.0,80.0,45.0,4.0,0.06760100748294273,3.0,-1.0
1.4680554394065815,1.0,6.0,5.0,4.0,0.6135288642328364,3.0,-3.0
79.06423091140668,75.0,90.0,84.0,1.0,0.768971916664576,1.0,-3.0
27.033120468604505,28.0,52.0,14.0,5.0,0.3334150120741529,3.0,-2.0
6.6296203572486485,7.0,28.0,22.0,10.0,0.9683430662531458,1.0,-2.0
66.25269142772383,46.0,67.0,59.0,7.0,0.6021608893391628,2.0,-5.0
48.76302204104183,50.0,91.0,17.0,4.0,0.839181117867806,2.0,-1.0
1.0998623286040958,2.0,23.0,11.0,9.0,0.02594151390119559,5.0,-2.0
14.62592753858132,14.0,24.0,7.0,3.0,0.8324638892836872,2.0,-3.0
6.959322382427045,8.0,34.0,8.0,4.0,0.4750771325045293,1.0,-2.0
47.438392271895275,46.0,84.0,42.0,6.0,0.36012455482689965,5.0,-4.0
11.323250787378429,12.0,46.0,38.0,4.0,0.12466608928795397,4.0,-4.0
29.60077306699653,19.0,60.0,4.0,1.0,0.7364803102998911,4.0,-4.0
2160.7868017615165,291.0,95.0,73.0,2.0,0.3934283197266737,3.0,-2.0
3.231075966115971,3.0,22.0,10.0,6.0,0.34525278723141795,4.0,-4.0
11.963282081154654,7.0,14.0,12.0,7.0,0.19401816418822815,2.0,-1.0
26.575957280860944,4.0,19.0,6.0,4.0,0.6099071045582581,4.0,-5.0
15.496545902157465,17.0,53.0,40.0,7.0,0.47841553199063047,1.0,-5.0
12.105803157026772,14.0,62.0,21.0,4.0,0.519142963428537,1.0,-4.0
7.5630166985815555,9.0,72.0,40.0,3.0,0.8718526454750435,5.0,-1.0
23.18566718079078,24.0,90.0,66.0,4.0,0.29074177315799477,3.0,-5.0
70.5253843464307,57.0,83.0,47.0,8.0,0.6122727225312282,4.0,-5.0
3.8533863383896905,5.0,52.0,34.0,7.0,0.9634684468069454,5.0,-4.0
228.0780611895711,228.0,96.0,65.0,10.0,0.3794272458448211,1.0,-1.0
1.7601399526920092,3.0,42.0,38.0,9.0,0.854509312612589,3.0,-2.0
7.159697477072663,8.0,35.0,17.0,2.0,0.8142590880697298,4.0,-4.0
21.438178436043863,19.0,73.0,71.0,3.0,0.11829838859768538,3.0,-4.0
21.4551667357251,22.0,80.0,17.0,9.0,0.987271129383473,3.0,-2.0
67.39264704996734,68.0,81.0,31.0,3.0,0.9569867836445327,1.0,-5.0
11.78483543847897,13.0,48.0,24.0,3.0,0.15225611751615598,5.0,-3.0
104.92865133185246,99.0,74.0,5.0,1.0,0.9143974241643906,1.0,-3.0
75.50030894599888,71.0,77.0,74.0,8.0,0.3752771305558229,1.0,-2.0
1.7682919942256445,3.0,24.0,18.0,4.0,0.8988507949660834,4.0,-2.0
1.4671624751975496,1.0,8.0,4.0,3.0,0.6210585134707514,5.0,-1.0
8.906514271663035,10.0,60.0,55.0,6.0,0.7122773701920178,2.0,-3.0
0.7665051561824026,2.0,81.0,6.0,4.0,0.1545282965492295,5.0,-4.0
83.9004195986222,84.0,95.0,72.0,5.0,0.10071713395161452,1.0,-1.0
67.16751216153394,68.0,95.0,46.0,10.0,0.9098397842603722,1.0,-2.0
1.128031751025097,1.0,6.0,4.0,0.0,0.0567500652835119,4.0,-4.0
35.688336438914334,36.0,99.0,49.0,0.0,0.8502544878043147,2.0,-2.0
2.54896756774529,3.0,18.0,14.0,4.0,0.10768429828059445,5.0,-5.0
4.4371836105179785,6.0,42.0,20.0,2.0,0.9947624983291995,5.0,-3.0
0.5957323677430294,3.0,49.0,2.0,1.0,0.5535656462121952,1.0,-5.0
21.076619118365322,22.0,46.0,11.0,4.0,0.9434346483137042,2.0,-4.0
0.632319368339082,2.0,14.0,11.0,10.0,0.2837041374751157,2.0,-3.0
2.175868212944162,1.0,12.0,10.0,8.0,0.4898966644729488,5.0,-3.0
4.325276679987799,5.0,32.0,26.0,6.0,0.04700229373371512,3.0,-5.0
125.18135068870181,126.0,73.0,42.0,0.0,0.20794012024614605,5.0,-1.0
6.638074640611349,8.0,68.0,36.0,2.0,0.9800749921642421,5.0,-4.0
38.87201386585159,40.0,92.0,43.0,2.0,0.3890513203586923,2.0,-3.0
12.513317286757434,13.0,45.0,25.0,9.0,0.7331441334919554,4.0,-5.0
68.03881267777393,69.0,73.0,17.0,3.0,0.911529815086657,1.0,-1.0
4.044617037906939,5.0,70.0,11.0,1.0,0.16973089290234256,5.0,-4.0
33.096840275070704,34.0,79.0,45.0,8.0,0.294022836294041,1.0,-2.0
13.335244151868961,15.0,97.0,42.0,4.0,0.21504083789366368,5.0,-5.0
1.3778200837315988,2.0,14.0,8.0,7.0,0.9078149991988991,5.0,-2.0
1.7680757243023744,3.0,18.0,12.0,10.0,0.839351981226223,5.0,-5.0
6.231531983715714,7.0,39.0,18.0,10.0,0.42905163525976997,1.0,-3.0
2.6236859223871196,3.0,30.0,11.0,1.0,0.19809469731920404,1.0,-5.0
8.761198448267002,10.0,75.0,49.0,7.0,0.022903921852434617,4.0,-5.0
11.310289823166793,13.0,92.0,80.0,5.0,0.7229972527875896,3.0,-4.0
8.218102029880216,11.0,62.0,60.0,2.0,0.4714850216256773,5.0,-4.0
139.75190507819255,35.0,73.0,11.0,6.0,0.6804554157645565,3.0,-5.0
16.28467171068608,17.0,46.0,10.0,4.0,0.21051845345536868,2.0,-1.0
38.46313807405931,39.0,93.0,63.0,6.0,0.5933225204024014,2.0,-1.0
3.770890169973909,4.0,16.0,6.0,0.0,0.23481062695418697,3.0,-3.0
94.08350588322669,93.0,85.0,28.0,9.0,0.721168954036952,2.0,-3.0
45.4998772898493,47.0,70.0,31.0,5.0,0.5714290337600564,3.0,-2.0
41.847762680256714,28.0,26.0,22.0,8.0,0.5551513461865029,1.0,-2.0
34.02745166356614,33.0,77.0,33.0,9.0,0.36607634644426656,5.0,-4.0
15.195896739518853,16.0,100.0,51.0,2.0,0.2536350452274274,2.0,-5.0
177.26363613745832,107.0,95.0,94.0,4.0,0.1640938849405641,2.0,-1.0
12.173030348614915,13.0,36.0,28.0,1.0,0.11171171930587709,4.0,-3.0
24.22374995949856,26.0,71.0,18.0,3.0,0.340110428666792,4.0,-3.0
0.8630457644807332,1.0,13.0,10.0,9.0,0.3551641116329347,4.0,-4.0
47.232261337501185,45.0,36.0,26.0,1.0,0.8029299239377105,1.0,-3.0
136.28306141574424,83.0,87.0,61.0,1.0,0.3955266508653189,5.0,-4.0
17.91423681866897,19.0,90.0,34.0,0.0,0.7657506677987581,5.0,-3.0
71.54808014638806,67.0,53.0,8.0,3.0,0.6433723076390498,1.0,-2.0
146.76706651069722,148.0,88.0,30.0,10.0,0.46506134148238365,2.0,-1.0
14.575872622826308,15.0,77.0,17.0,2.0,0.9116391625571562,5.0,-5.0
33.739599532998064,34.0,68.0,37.0,3.0,0.24807051305731076,2.0,-2.0
5.566810646385323,7.0,22.0,11.0,2.0,0.29790941861288345,4.0,-4.0
0.7446090074604784,3.0,91.0,9.0,8.0,0.2367161845093625,4.0,-3.0
43.693451350522494,45.0,62.0,41.0,3.0,0.42606089093236355,2.0,-3.0
3.6155761376517117,4.0,52.0,15.0,6.0,0.12769254073533154,1.0,-3.0
38.83884862383385,40.0,97.0,46.0,1.0,0.3157073634761971,5.0,-4.0
59.66541404133069,59.0,57.0,47.0,10.0,0.07597504988612058,4.0,-1.0
4.0825075517015,5.0,43.0,14.0,10.0,0.17003500302435093,4.0,-2.0
21.981010459013042,20.0,53.0,11.0,4.0,0.6138425231765131,5.0,-3.0
18.96724749471061,20.0,56.0,28.0,10.0,0.8952457915446967,2.0,-3.0
95.97233677850366,96.0,74.0,60.0,1.0,0.09630987954329173,3.0,-1.0
80.76590701106053,81.0,67.0,37.0,9.0,0.16332976674128874,3.0,-1.0
188.74687669118606,80.0,71.0,63.0,5.0,0.2821183578268376,4.0,-2.0
1.929758057787655,3.0,29.0,16.0,9.0,0.06210037818375913,2.0,-4.0
56.60441147162057,47.0,90.0,23.0,4.0,0.4071485684477556,5.0,-4.0
7.040727752102814,7.0,27.0,20.0,8.0,0.3279472475308084,3.0,-4.0
17.28557479150814,18.0,56.0,16.0,1.0,0.8285170652764573,3.0,-1.0
3.823355218266238,4.0,30.0,16.0,4.0,0.14356591200884228,2.0,-4.0
2.0713594441041367,3.0,87.0,6.0,2.0,0.01722526824285675,2.0,-2.0
9.312508197371558,10.0,56.0,39.0,6.0,0.9418339162660898,2.0,-1.0
31.812790733905448,5.0,18.0,16.0,8.0,0.43713220519605533,2.0,-2.0
2.8678414329261717,3.0,28.0,3.0,2.0,0.3256528431943916,1.0,-1.0
26.578565905921835,23.0,41.0,20.0,6.0,0.68430147851539,3.0,-4.0
0.9004232133202975,2.0,49.0,45.0,10.0,0.938039498269814,5.0,-4.0
3.2950380080806387,4.0,91.0,83.0,4.0,0.9284866358286715,3.0,-5.0
15.231941397566803,16.0,46.0,24.0,6.0,0.46971212740621304,2.0,-4.0
34.2158562702531,34.0,100.0,12.0,9.0,0.7143813985243226,4.0,-1.0
63.582120654326985,61.0,65.0,25.0,5.0,0.438184612247274,4.0,-2.0
42.49602752806487,45.0,60.0,16.0,0.0,0.4372490366327636,3.0,-3.0
6.763780462267295,8.0,20.0,15.0,2.0,0.5129996562198134,1.0,-5.0
0.9249589407273506,2.0,36.0,34.0,8.0,0.7905645353369092,3.0,-1.0
12.6130375202881,7.0,16.0,9.0,4.0,0.5109962606349261,3.0,-2.0
22.66130175509935,24.0,48.0,32.0,3.0,0.12004755718652771,4.0,-2.0
0.3455352488287975,1.0,11.0,10.0,7.0,0.9823434576691916,3.0,-3.0
13.034272918322712,14.0,94.0,55.0,8.0,0.0788243687312925,1.0,-4.0
18.316089970623914,19.0,57.0,50.0,2.0,0.19705047718789992,3.0,-4.0
112.79116741611952,111.0,87.0,11.0,7.0,0.4822681150854533,1.0,-1.0
2.7757359317408015,3.0,22.0,18.0,8.0,0.17466897761918476,3.0,-5.0
78.00268600641115,71.0,72.0,43.0,3.0,0.3553138780068743,4.0,-3.0
15.948593075641837,17.0,58.0,19.0,5.0,0.777908109556648,4.0,-3.0
161.64964868704408,81.0,47.0,35.0,0.0,0.3566964725450651,3.0,-2.0
61.431085353227836,59.0,47.0,34.0,7.0,0.11209662064490511,4.0,-1.0
2.9084316440999554,4.0,29.0,21.0,9.0,0.7917705587837349,4.0,-2.0
4.61140810573437,3.0,13.0,5.0,2.0,0.6764040030590301,4.0,-3.0
8.919685455463208,10.0,87.0,25.0,0.0,0.2394421165448659,1.0,-4.0
5.813502492543152,7.0,50.0,24.0,1.0,0.9246209893838798,5.0,-2.0
2.9751884048666337,4.0,38.0,14.0,8.0,0.3966641984631587,1.0,-4.0
3.11480166144293,4.0,35.0,17.0,6.0,0.18355937248889487,3.0,-5.0
3.515052939602244,5.0,50.0,15.0,2.0,0.060324084821831825,1.0,-4.0
16.4431471902285,17.0,47.0,18.0,1.0,0.8454565803652352,3.0,-5.0
1.977255456436577,3.0,38.0,14.0,8.0,0.21838785954720175,4.0,-5.0
104.73315573209702,57.0,42.0,17.0,10.0,0.847740373762725,1.0,-4.0
9.865633496096825,11.0,83.0,13.0,0.0,0.21028680640296393,5.0,-3.0
105.79049959053835,42.0,40.0,15.0,4.0,0.372719352709305,4.0,-2.0
160.03306516411544,151.0,46.0,39.0,5.0,0.3937719527988398,1.0,-1.0
1718.0422101115216,417.0,73.0,43.0,2.0,0.7440339067691855,1.0,-3.0
18.76407284002522,20.0,100.0,42.0,5.0,0.2897352348710919,3.0,-4.0
4.127703197143428,5.0,43.0,14.0,4.0,0.26289086519429306,2.0,-4.0
17.378746327653896,18.0,75.0,22.0,2.0,0.6749503579521139,5.0,-1.0
3.299027022261499,4.0,27.0,16.0,4.0,0.2270939826083459,1.0,-5.0
49.039907110581936,24.0,50.0,8.0,7.0,0.7712890683307887,2.0,-3.0
47.69739007057346,40.0,36.0,16.0,7.0,0.6048275386263684,2.0,-2.0
20.160794777525116,18.0,27.0,21.0,0.0,0.8829345524834227,1.0,-5.0
2.860004352016093,4.0,22.0,19.0,8.0,0.14423150080847746,3.0,-5.0
7.1893164558622935,8.0,36.0,13.0,6.0,0.7999101651767279,5.0,-4.0
5.882222922605077,9.0,46.0,7.0,2.0,0.5249968686501929,2.0,-4.0
17.749484417119827,19.0,95.0,37.0,7.0,0.9084625688060658,4.0,-4.0
19.534923031400485,21.0,55.0,33.0,9.0,0.44285776092613294,1.0,-3.0
12.79026790993039,13.0,23.0,12.0,9.0,0.9533429655907775,1.0,-2.0
2.0454477483475575,3.0,49.0,7.0,0.0,0.09629440093209873,2.0,-4.0
8.74656927709662,10.0,85.0,68.0,4.0,0.657269867026901,4.0,-2.0
8.158531568842674,8.0,37.0,22.0,9.0,0.7598406836577308,4.0,-5.0
212.94401443942363,193.0,70.0,61.0,7.0,0.24880407315485353,2.0,-1.0
675.3443475032124,16.0,40.0,19.0,8.0,0.5031095248042925,5.0,-5.0
21.87946997213579,3.0,6.0,2.0,1.0,0.31809835123560226,2.0,-1.0
84.35056500992823,65.0,82.0,13.0,9.0,0.36360293494626517,4.0,-1.0
3.2618507110808315,4.0,61.0,55.0,6.0,0.9598616346555502,2.0,-2.0
58.69283966167525,49.0,81.0,22.0,5.0,0.6672481503140291,4.0,-5.0
1.8729198411953425,3.0,28.0,16.0,7.0,0.02162987544648265,4.0,-5.0
12.838867329812764,14.0,53.0,28.0,8.0,0.2713589093161186,5.0,-4.0
2.1483539947609738,3.0,19.0,15.0,8.0,0.5723781099161956,4.0,-1.0
4.060042207216803,5.0,20.0,17.0,7.0,0.06712142726543557,5.0,-3.0
10.430800415444411,12.0,55.0,35.0,10.0,0.10054200054510942,3.0,-3.0
29.347172976211066,13.0,51.0,10.0,6.0,0.6397068127592214,5.0,-5.0
5.993807963123235,6.0,15.0,5.0,4.0,0.9336776907610244,2.0,-3.0
7.45799335677751,5.0,19.0,18.0,10.0,0.23183135136712285,2.0,-2.0
18.985451532584673,20.0,76.0,16.0,8.0,0.8320629235182759,4.0,-1.0
14.167278994234385,15.0,88.0,18.0,4.0,0.5029518546628196,1.0,-3.0
17.769691239841663,18.0,41.0,35.0,8.0,0.8344133969326845,1.0,-3.0
8.89960775214876,9.0,64.0,60.0,4.0,0.8898916022233502,1.0,-4.0
4.299297223590065,5.0,46.0,36.0,5.0,0.9037087917243251,3.0,-4.0
71.79060502014136,73.0,71.0,38.0,0.0,0.29413656567084556,3.0,-2.0
5.585589298627708,6.0,19.0,5.0,2.0,0.9012899893459615,3.0,-2.0
43.34390795999523,39.0,23.0,13.0,1.0,0.74357097664282,1.0,-2.0
11.196671374904442,13.0,47.0,12.0,4.0,0.4571003875682066,2.0,-3.0
57.40096667204648,31.0,26.0,14.0,6.0,0.7151573812088086,1.0,-3.0
5.777529717366767,7.0,86.0,30.0,8.0,0.1192144207606608,5.0,-5.0
35.931685432843146,41.0,90.0,74.0,4.0,0.5742149062740379,3.0,-3.0
11.400506739627394,12.0,54.0,23.0,10.0,0.8576863750981455,4.0,-5.0
13.846880537446529,15.0,43.0,32.0,2.0,0.2083617602739095,1.0,-3.0
4.162846772037335,3.0,17.0,14.0,8.0,0.19483482912753403,5.0,-3.0
14.596445052885729,16.0,30.0,7.0,0.0,0.6439315346419381,3.0,-1.0
3.7831316228028453,4.0,38.0,23.0,10.0,0.8706211379742719,5.0,-3.0
6.9505649382061945,8.0,34.0,11.0,9.0,0.8618167071160651,4.0,-1.0
36.64811326187877,6.0,13.0,10.0,5.0,0.7704649007341982,1.0,-3.0
17.522680893682587,19.0,70.0,27.0,7.0,0.4764370235225578,2.0,-4.0
0.32033314916424194,2.0,27.0,11.0,10.0,0.1463750043722566,2.0,-4.0
4.303078660355794,5.0,62.0,50.0,5.0,0.7981168425045629,4.0,-2.0
10.343615775753285,11.0,49.0,29.0,5.0,0.7416949792218993,4.0,-4.0
0.4443165367906914,2.0,24.0,23.0,4.0,0.805627524322843,4.0,-5.0
1.0961653654867218,3.0,56.0,4.0,2.0,0.2417175300399279,5.0,-4.0
25.185772522257786,9.0,26.0,3.0,1.0,0.4855356662157433,4.0,-2.0
2.456053091953214,10.0,81.0,80.0,3.0,0.5407157322158999,5.0,-5.0
23.796639615080828,25.0,100.0,33.0,7.0,0.9631047163275908,3.0,-2.0
384.1629715192023,121.0,68.0,9.0,3.0,0.5383951632341607,2.0,-2.0
0.9812484954183862,1.0,8.0,7.0,6.0,0.6634816928519861,1.0,-5.0
1.0653776500419887,2.0,39.0,13.0,9.0,0.03506611685103245,3.0,-4.0
41.41271351407815,42.0,83.0,74.0,6.0,0.05966536106968068,4.0,-2.0
50.040666428610216,51.0,93.0,59.0,7.0,0.8397236930138171,1.0,-1.0
40.99328672601024,31.0,67.0,13.0,8.0,0.47389840878414924,5.0,-2.0
2.6814554610330985,4.0,32.0,14.0,5.0,0.23480197703992323,2.0,-5.0
2.2890002602884443,4.0,17.0,8.0,3.0,0.302606710977399,2.0,-4.0
13.648535792163985,14.0,32.0,15.0,1.0,0.8922221219380092,2.0,-5.0
14.626127717952679,11.0,27.0,16.0,10.0,0.3179550443466268,3.0,-2.0
14.01310043542577,14.0,61.0,58.0,6.0,0.04131238031131845,3.0,-4.0
20.359779328597778,21.0,96.0,68.0,4.0,0.2652210660252642,2.0,-5.0
5.733687728146345,6.0,11.0,8.0,1.0,0.4447863080492943,1.0,-3.0
1.1609519553194874,2.0,22.0,13.0,10.0,0.10397843419488939,1.0,-3.0
0.6105946223408293,1.0,3.0,2.0,0.0,0.9396246334887763,2.0,-4.0
7.599702283031874,9.0,78.0,37.0,5.0,0.11275839108578278,2.0,-5.0
6.869524116405244,8.0,41.0,33.0,6.0,0.133699592168241,3.0,-5.0
4.420231208206902,5.0,71.0,57.0,3.0,0.8612091894652724,4.0,-2.0
13.439798010816283,14.0,38.0,18.0,7.0,0.8293725343169617,2.0,-1.0
0.25807128159949627,1.0,4.0,3.0,2.0,0.1875169308507102,1.0,-5.0
3.577814717796684,5.0,60.0,44.0,3.0,0.9120005861125773,5.0,-1.0
6.002539810012962,7.0,71.0,14.0,5.0,0.5834391139734186,1.0,-5.0
63.859250136938776,49.0,97.0,95.0,8.0,0.1062714751231848,4.0,-2.0
2.3942029419042883,4.0,15.0,6.0,5.0,0.9518159670158645,4.0,-1.0
57.067695096588544,48.0,69.0,11.0,7.0,0.40326736484392267,4.0,-1.0
1.633211700539888,3.0,26.0,12.0,6.0,0.22104283867827323,1.0,-5.0
6.66750657551634,8.0,87.0,64.0,2.0,0.8061956752404638,5.0,-3.0
8.019197973809385,9.0,99.0,74.0,7.0,0.8739312492284094,4.0,-3.0
4.214595091354243,5.0,36.0,26.0,10.0,0.03394475415435294,2.0,-4.0
10.160561663852317,11.0,64.0,17.0,7.0,0.9625728533020903,5.0,-5.0
7.991996706894336,8.0,91.0,13.0,3.0,0.1871870582925338,2.0,-2.0
13.974005808554152,15.0,78.0,51.0,1.0,0.07032132035000027,2.0,-4.0
62.9272434551837,64.0,49.0,32.0,3.0,0.5130501067175376,1.0,-2.0
174.45768836346392,51.0,46.0,11.0,1.0,0.36677028522725164,4.0,-2.0
0.9456471936380484,2.0,63.0,8.0,7.0,0.1885046332865753,3.0,-2.0
41.76706598135261,44.0,91.0,52.0,10.0,0.5619642930334906,4.0,-3.0
17.707325584856356,19.0,91.0,57.0,0.0,0.15619865657468357,1.0,-4.0
59.39178465485523,61.0,65.0,39.0,2.0,0.5942545538283666,1.0,-3.0
0.4107158076202123,2.0,21.0,20.0,4.0,0.8043466983271974,4.0,-4.0
17.577198226346916,9.0,12.0,4.0,1.0,0.6137837768138809,2.0,-2.0
5.622773270471064,6.0,16.0,4.0,0.0,0.14430363740552454,1.0,-1.0
1.2928182755819968,2.0,85.0,11.0,7.0,0.21177603693421965,4.0,-5.0
1.772959471354581,3.0,23.0,7.0,1.0,0.26930464787445063,1.0,-5.0
10.112584531572699,7.0,28.0,26.0,4.0,0.2606418350562062,3.0,-4.0
1.645570811348911,2.0,28.0,26.0,1.0,0.8430767471331794,2.0,-3.0
14.552220194417878,14.0,36.0,26.0,10.0,0.5572159163320612,2.0,-5.0
32.940627260670375,9.0,31.0,29.0,4.0,0.46300839645234393,3.0,-4.0
3.036339071184377,4.0,55.0,49.0,2.0,0.9952127782395261,2.0,-3.0
17.450357072009037,18.0,43.0,29.0,10.0,0.9340919489923881,1.0,-2.0
2.3594734188845967,3.0,20.0,17.0,10.0,0.25415454228187817,3.0,-5.0
12.116871602826555,8.0,25.0,7.0,5.0,0.6971063916498226,3.0,-2.0
5.136979561112081,6.0,76.0,52.0,6.0,0.9635562366839627,5.0,-4.0
46.55382359796579,27.0,58.0,27.0,10.0,0.40387014263840704,5.0,-4.0
3.2076318494089184,4.0,36.0,8.0,1.0,0.2272130839574874,4.0,-4.0
3.3197747614611317,5.0,28.0,24.0,8.0,0.025770845069624793,2.0,-5.0
106.7101249485947,37.0,38.0,17.0,8.0,0.6393589643159284,2.0,-3.0
2.7118014934892587,4.0,82.0,10.0,5.0,0.4508867464775481,2.0,-5.0
2610.0461874994617,78.0,50.0,30.0,1.0,0.3314815142519385,4.0,-2.0
7.717511518724457,8.0,27.0,23.0,2.0,0.284864453246212,3.0,-5.0
21.758082280105896,23.0,84.0,64.0,0.0,0.009760716530632041,3.0,-3.0
15.720296777332564,11.0,16.0,10.0,2.0,0.8969453639561853,1.0,-5.0
17.737967699297172,15.0,26.0,24.0,0.0,0.12939402746853634,3.0,-2.0
124.95825959541511,125.0,62.0,40.0,0.0,0.6699732772177077,1.0,-3.0
11.291415902236256,11.0,35.0,31.0,7.0,0.14574859037759802,3.0,-3.0
10.34085271089823,10.0,11.0,8.0,3.0,0.6450557359180978,1.0,-1.0
16.025406185933843,17.0,76.0,19.0,7.0,0.9446065152628647,4.0,-4.0
13.950727257334492,15.0,80.0,56.0,8.0,0.07990273692143024,3.0,-4.0
81.90767986031172,48.0,82.0,78.0,2.0,0.5120210133131734,2.0,-4.0
17.580774482582896,11.0,30.0,12.0,7.0,0.7176922399589915,3.0,-4.0
13.435832885399572,15.0,51.0,34.0,7.0,0.5663183135909932,3.0,-1.0
7.948170382420582,9.0,91.0,54.0,1.0,0.9425265652297161,5.0,-1.0
3.800005218109182,5.0,86.0,9.0,2.0,0.03947431659823608,2.0,-2.0
2.4826281386256257,3.0,3.0,2.0,0.0,0.0972010530124755,1.0,-1.0
2.357455404731134,4.0,81.0,14.0,10.0,0.4718936120716991,2.0,-5.0
30.973791221627263,31.0,39.0,28.0,10.0,0.08377270401802406,4.0,-1.0
3.8840761516042694,4.0,22.0,19.0,8.0,0.9430961110765611,1.0,-3.0
34.81804108157347,3.0,19.0,16.0,6.0,0.5890990715970655,3.0,-5.0
5.910241799384706,4.0,15.0,8.0,7.0,0.6973974511141192,3.0,-3.0
11.402832330095436,11.0,33.0,24.0,9.0,0.28075622550357393,3.0,-3.0
14.401608479546134,1.0,2.0,1.0,0.0,0.5069436688368543,5.0,-5.0
9.115466917742127,10.0,53.0,28.0,7.0,0.24231761890447512,3.0,-4.0
23.03564331913478,24.0,51.0,17.0,8.0,0.8951947078617732,2.0,-3.0
1181.452520644037,108.0,69.0,34.0,5.0,0.2899463643739295,5.0,-2.0
7.094194963172134,5.0,32.0,29.0,9.0,0.2180793577872422,5.0,-5.0
17.666237061547264,21.0,41.0,35.0,6.0,0.22327181673434138,5.0,-1.0
56.87163162069919,27.0,36.0,5.0,3.0,0.38627180685949025,3.0,-1.0
7.6689247360824195,7.0,9.0,6.0,1.0,0.11600603856605363,2.0,-1.0
30.20212804392207,31.0,79.0,54.0,8.0,0.36923212883291245,1.0,-3.0
219.3995784991225,109.0,48.0,23.0,10.0,0.27848683686065057,3.0,-1.0
28.7996482330909,30.0,43.0,13.0,7.0,0.6805597966242969,2.0,-1.0
0.287466170921504,2.0,17.0,16.0,1.0,0.8478670192024305,5.0,-5.0
6.170827489250264,7.0,15.0,10.0,6.0,0.6034213676480248,2.0,-1.0
22.945740516500578,24.0,80.0,35.0,4.0,0.9902870749327083,2.0,-2.0
66.68305230091124,64.0,91.0,41.0,1.0,0.527757300767904,5.0,-4.0
11.401756823903725,12.0,60.0,16.0,6.0,0.2807355446523151,2.0,-2.0
6.921659615911037,8.0,68.0,14.0,2.0,0.08877058076191136,1.0,-2.0
35.435765171249145,9.0,23.0,14.0,5.0,0.39228847321542426,4.0,-3.0
4.069105076516895,5.0,74.0,64.0,10.0,0.6821928535868592,5.0,-3.0
44.554915091349066,46.0,100.0,61.0,0.0,0.6051505021951216,1.0,-5.0
13.499806828886534,15.0,57.0,19.0,4.0,0.8306935846422483,4.0,-3.0
1.3280227797604387,2.0,25.0,20.0,2.0,0.8456244572948842,5.0,-3.0
8.425192243552921,10.0,79.0,23.0,10.0,0.4914017004194109,1.0,-4.0
21.32197515073797,22.0,75.0,54.0,6.0,0.18720035713555028,1.0,-3.0
44.043787292750544,46.0,82.0,51.0,3.0,0.5820350930270675,1.0,-4.0
24.78906337391323,17.0,76.0,74.0,10.0,0.3022770362748437,3.0,-5.0
19.48769177048037,20.0,67.0,53.0,8.0,0.08635627214092867,5.0,-3.0
7.711186547545189,9.0,65.0,38.0,10.0,0.07378232059724621,1.0,-4.0
104.36743816494099,104.0,69.0,43.0,10.0,0.736761885545476,1.0,-4.0
2.2598933538178048,3.0,16.0,13.0,7.0,0.14944527311610833,5.0,-4.0
3.9197859796172603,5.0,100.0,95.0,1.0,0.7844474808701232,3.0,-5.0
7.9002009150091,10.0,82.0,72.0,7.0,0.6582238241087265,4.0,-4.0
146.07981033891446,134.0,61.0,18.0,10.0,0.7647865457935569,1.0,-2.0
19.247085152976986,15.0,38.0,16.0,3.0,0.5714478023563492,5.0,-4.0
21.15704665871196,22.0,32.0,24.0,4.0,0.010937695391766922,4.0,-1.0
237.59652838082857,136.0,74.0,27.0,7.0,0.5831647371817291,2.0,-3.0
11.300713339769645,13.0,46.0,9.0,0.0,0.5508975245764561,1.0,-3.0
11.835934552976896,13.0,75.0,30.0,7.0,0.009460865453794542,4.0,-2.0
6.704157638987888,7.0,21.0,14.0,1.0,0.2944149692509195,3.0,-4.0
9.299374647178078,10.0,91.0,42.0,7.0,0.03375800865398049,3.0,-4.0
2.697076944633945,4.0,87.0,74.0,5.0,0.9700055076209178,5.0,-1.0
53.18211261698926,53.0,100.0,46.0,9.0,0.557264332650301,5.0,-4.0
117.61651693546723,15.0,55.0,3.0,2.0,0.3488735393814154,5.0,-2.0
32.82014153678621,35.0,96.0,22.0,1.0,0.48002128737900474,3.0,-4.0
30.446039548804098,31.0,96.0,43.0,9.0,0.17665403774110577,3.0,-2.0
21.642653270518796,23.0,44.0,15.0,1.0,0.38999110258124126,5.0,-1.0
16.20274286677661,17.0,70.0,24.0,1.0,0.9798781861983539,3.0,-5.0
14.397890677995445,12.0,49.0,48.0,8.0,0.24436305435861216,1.0,-4.0
8.300404226795818,9.0,39.0,23.0,4.0,0.987936160754435,2.0,-4.0
40.01994166624273,41.0,100.0,51.0,4.0,0.36511709891049127,2.0,-3.0
2.8511254490758096,4.0,29.0,15.0,6.0,0.9887927044098538,5.0,-3.0
13.716754079330027,15.0,66.0,43.0,0.0,0.12359250851381065,3.0,-4.0
1.2244271126395696,2.0,12.0,10.0,7.0,0.5266833900285796,4.0,-1.0
2.3212006051956244,3.0,66.0,10.0,1.0,0.1603851669411951,2.0,-5.0
9.799585106604491,10.0,27.0,21.0,3.0,0.8061354095468931,1.0,-1.0
3.8897874504064864,5.0,99.0,81.0,6.0,0.962750220403919,5.0,-5.0
0.5398055683161646,3.0,88.0,2.0,1.0,0.44964016180880595,2.0,-5.0
68.69536949844183,32.0,91.0,87.0,1.0,0.34351201429604605,4.0,-4.0
0.9300153115732381,2.0,22.0,3.0,0.0,0.22178083217184863,3.0,-5.0
40.061410779944964,41.0,92.0,39.0,1.0,0.012864067564096637,3.0,-1.0
10.75253934887584,3.0,14.0,12.0,7.0,0.8643337623964628,1.0,-5.0
3.5841483078106418,5.0,64.0,11.0,6.0,0.40124211035687973,1.0,-3.0
46.99126138455859,49.0,48.0,36.0,5.0,0.41845554291322784,2.0,-1.0
553.785570280958,266.0,91.0,83.0,4.0,0.7143363766412693,1.0,-3.0
65.46506276826638,52.0,89.0,83.0,9.0,0.31160434571046025,3.0,-3.0
42.532548807260056,43.0,77.0,53.0,2.0,0.7821368654481311,1.0,-1.0
8.724210818007393,10.0,65.0,12.0,6.0,0.3303226728933043,4.0,-3.0
35.58320156606875,37.0,100.0,57.0,0.0,0.3495301329605922,1.0,-3.0
5.691966427951936,9.0,85.0,82.0,10.0,0.5527058625164705,5.0,-5.0
0.9758445492891525,4.0,60.0,7.0,6.0,0.6625411033740904,1.0,-5.0
2.580945386919598,3.0,36.0,26.0,4.0,0.859318655611654,5.0,-3.0
40.60315581052167,43.0,47.0,34.0,8.0,0.5800430393924655,2.0,-2.0
9.897531264504705,11.0,99.0,79.0,7.0,0.8601008454318236,3.0,-4.0
1.159820371346567,2.0,25.0,20.0,5.0,0.9234458219685762,5.0,-4.0
101.01826064236172,103.0,87.0,58.0,7.0,0.42902560327737727,2.0,-1.0
18306.925805994142,4.0,10.0,2.0,0.0,0.5001092482714572,2.0,-2.0
5.6176662132371,7.0,40.0,14.0,0.0,0.9380427450677918,5.0,-1.0
13.577638010430196,12.0,29.0,12.0,7.0,0.5420097858324202,4.0,-2.0
9.78668206649485,10.0,17.0,10.0,7.0,0.9050859100302174,1.0,-2.0
3.120725124356092,1.0,10.0,5.0,3.0,0.6602191734535308,5.0,-5.0
1.420516175765808,2.0,24.0,19.0,1.0,0.7533078802973942,5.0,-1.0
1.6300827732492564,3.0,37.0,7.0,3.0,0.09102281331530482,3.0,-3.0
12.338274063744219,14.0,57.0,39.0,9.0,0.3669345156032523,2.0,-5.0
26.68509490355193,28.0,81.0,36.0,9.0,0.24704980348031147,2.0,-2.0
11.787215163434572,13.0,41.0,14.0,2.0,0.755802483885342,4.0,-3.0
0.915325667352767,1.0,14.0,12.0,9.0,0.8835735225699571,3.0,-4.0
118.09443950795114,60.0,79.0,45.0,3.0,0.4644352433738659,5.0,-5.0
39.26637402580453,37.0,29.0,26.0,2.0,0.12959667064218006,2.0,-1.0
7.996940400260903,9.0,62.0,28.0,2.0,0.29145942700886496,1.0,-5.0
451.10883811428215,90.0,84.0,17.0,1.0,0.6435653644805742,3.0,-5.0
13.56437818429183,15.0,78.0,49.0,8.0,0.7931058640506182,4.0,-5.0
4.453635952384948,6.0,95.0,20.0,8.0,0.28819653962808944,3.0,-5.0
115.97047499052546,91.0,93.0,64.0,10.0,0.5667955302800005,3.0,-5.0
9.079138986391886,10.0,78.0,27.0,7.0,0.15942958842294053,2.0,-3.0
0.2743817000365418,2.0,88.0,87.0,10.0,0.8305697409242405,5.0,-3.0
1.2892527989306217,2.0,14.0,13.0,6.0,0.8878215353999835,1.0,-1.0
9.310679883986836,10.0,33.0,15.0,0.0,0.09723671668172007,2.0,-2.0
24.063600938503686,25.0,76.0,42.0,10.0,0.22339690442592297,1.0,-2.0
15.920279696748292,17.0,84.0,69.0,0.0,0.06659052909671426,5.0,-5.0
2.781096064285672,3.0,12.0,9.0,4.0,0.41574227791160845,4.0,-1.0
46.568507363900416,48.0,72.0,10.0,1.0,0.5828429635693132,3.0,-1.0
4.782493757034304,5.0,24.0,20.0,2.0,0.1766104548781301,2.0,-5.0
9.225785888078665,10.0,23.0,15.0,7.0,0.4667836999755599,3.0,-1.0
13.904467304896725,15.0,89.0,21.0,7.0,0.9890514574121979,5.0,-5.0
2.1444965998256507,3.0,55.0,45.0,1.0,0.962566558138374,5.0,-4.0
37.28390918851846,38.0,82.0,50.0,6.0,0.9291395496941931,1.0,-1.0
8.637724589156353,10.0,38.0,27.0,10.0,0.896211932841156,2.0,-5.0
11.093089118789218,12.0,85.0,40.0,2.0,0.9056579688319644,5.0,-5.0
22.87287861730386,24.0,72.0,52.0,3.0,0.6527108922057077,4.0,-5.0
3.1003462748429667,4.0,17.0,7.0,5.0,0.7042410273729022,5.0,-1.0
20.076296855850547,19.0,59.0,54.0,6.0,0.07614010352205436,5.0,-3.0
1.0475093591950413,2.0,39.0,37.0,0.0,0.7818581633555809,3.0,-2.0
2.759916517935573,5.0,40.0,12.0,8.0,0.25844679999040854,3.0,-3.0
5.765290850405157,7.0,19.0,11.0,3.0,0.6775228590397239,3.0,-2.0
23.892489157859092,25.0,66.0,33.0,8.0,0.7090207990653792,4.0,-5.0
14.001435421158009,15.0,66.0,30.0,9.0,0.946395618709201,3.0,-5.0
186.1506328708022,29.0,37.0,8.0,2.0,0.6926313021814323,2.0,-4.0
67.61660333823087,68.0,91.0,40.0,4.0,0.23379319410706512,1.0,-1.0
46.553188066106266,47.0,82.0,56.0,6.0,0.7792504775728741,1.0,-1.0
239.13878239079267,28.0,53.0,52.0,0.0,0.6956382613057056,1.0,-3.0
14.1320593241493,15.0,97.0,35.0,10.0,0.923398490427829,5.0,-3.0
0.5043612954583709,2.0,72.0,6.0,5.0,0.3352549256070745,4.0,-5.0
81.48236009625111,63.0,76.0,11.0,4.0,0.8282455244181838,2.0,-5.0
6.511506830362582,9.0,37.0,36.0,7.0,0.30765346915966163,5.0,-2.0
1.814670958134762,3.0,22.0,8.0,1.0,0.01583904119424373,5.0,-4.0
1.3684608725891176,2.0,47.0,5.0,2.0,0.2019390250588563,1.0,-3.0
6.077576545984147,7.0,55.0,51.0,9.0,0.8290785372866313,1.0,-1.0
153.77371490621803,61.0,62.0,23.0,4.0,0.5537774031782559,3.0,-4.0
1600.4492598898394,110.0,46.0,26.0,0.0,0.83062576025249,1.0,-5.0
33.99923234146184,35.0,89.0,15.0,3.0,0.8353039460232605,3.0,-2.0
41.12654908355011,31.0,51.0,45.0,10.0,0.16413831808708912,5.0,-2.0
99.74979383277133,98.0,58.0,20.0,5.0,0.3452382920803483,3.0,-1.0
1.643445000495152,2.0,41.0,38.0,4.0,0.706358442037326,3.0,-1.0
7.583246738367976,9.0,57.0,41.0,3.0,0.7299877433208289,4.0,-3.0
0.8091014632060982,2.0,100.0,7.0,5.0,0.07544601883340762,4.0,-3.0
26.15404959865661,27.0,97.0,84.0,6.0,0.002524322526730627,4.0,-3.0
20.018227523454712,21.0,72.0,6.0,1.0,0.7161658661892845,5.0,-1.0
562.478907973352,255.0,51.0,36.0,3.0,0.6471103778101943,1.0,-2.0
5.081177207614331,6.0,73.0,27.0,2.0,0.011411473632061409,2.0,-5.0
10.225959432302185,11.0,34.0,17.0,6.0,0.9517765281940852,2.0,-5.0
21.000034348449915,22.0,99.0,39.0,0.0,0.30612288292431344,3.0,-4.0
0.5827042396585681,1.0,11.0,10.0,5.0,0.7462373861463472,4.0,-5.0
124.51040356444378,6.0,19.0,7.0,5.0,0.1827295814331813,5.0,-1.0
4.191436995808333,5.0,20.0,17.0,5.0,0.2274040138501111,1.0,-4.0
45.994529500828726,47.0,92.0,43.0,2.0,0.6739271206858467,4.0,-5.0
26.45219979877096,27.0,32.0,21.0,9.0,0.707922215991108,1.0,-1.0
22.73703035668563,24.0,93.0,81.0,7.0,0.12423288618368367,2.0,-4.0
7.020915973939202,8.0,81.0,64.0,7.0,0.9035560806952151,3.0,-3.0
36.998332100197146,39.0,52.0,25.0,2.0,0.6756700710847587,1.0,-4.0
17.244255359724225,19.0,60.0,45.0,4.0,0.573970979750556,3.0,-2.0
11.424191107400018,12.0,73.0,53.0,7.0,0.8215244276938035,3.0,-4.0
48.03075711091212,48.0,84.0,81.0,6.0,0.5312299886619779,1.0,-1.0
6.368078658063091,7.0,81.0,31.0,8.0,0.0647059279311818,2.0,-4.0
24.437710277576205,26.0,29.0,14.0,2.0,0.6272389079858774,1.0,-3.0
5.412396897247305,7.0,83.0,6.0,3.0,0.6114292310341388,1.0,-3.0
3.596578996730729,5.0,74.0,11.0,6.0,0.40244750605054325,1.0,-3.0
19.972401602562755,21.0,83.0,45.0,9.0,0.48377091178262066,5.0,-1.0
10.554743425064979,11.0,77.0,26.0,8.0,0.049100938552829154,4.0,-2.0
0.49644283948062484,2.0,5.0,3.0,1.0,0.16188980182411783,1.0,-5.0
21.78831023141012,22.0,71.0,65.0,0.0,0.6376885113226994,1.0,-1.0
208.49436388884982,199.0,73.0,57.0,0.0,0.18165282871820554,3.0,-1.0
3946.1696826308994,1784.0,91.0,61.0,2.0,0.4925243964723959,1.0,-1.0
5.022464113005153,6.0,17.0,8.0,4.0,0.9306496968752468,2.0,-1.0
3.5039720113191146,5.0,64.0,11.0,4.0,0.000755715952502567,1.0,-2.0
12.798969928830328,14.0,36.0,16.0,8.0,0.458316566502757,1.0,-2.0
29.831143269975758,30.0,67.0,19.0,8.0,0.8012938097496379,3.0,-4.0
6.747083836712233,8.0,65.0,12.0,7.0,0.4196463676749749,1.0,-2.0
6.795713568717974,8.0,83.0,61.0,9.0,0.8474669592100053,4.0,-1.0
3.92932868392346,5.0,18.0,14.0,6.0,0.2410072022778743,1.0,-3.0
71.84769098808466,73.0,98.0,91.0,1.0,0.4368375352002414,1.0,-3.0
3.940657215440944,5.0,26.0,18.0,5.0,0.17010578973828983,5.0,-5.0
16.1064251380552,17.0,31.0,22.0,8.0,0.3769272225214495,1.0,-2.0
8.852172958399441,10.0,45.0,31.0,10.0,0.32554022388200143,1.0,-4.0
6.126701517711531,7.0,40.0,12.0,3.0,0.9522398874111495,5.0,-4.0
1.4273325373376753,2.0,17.0,13.0,5.0,0.8503037918077748,4.0,-4.0
35.570623140630126,36.0,53.0,36.0,8.0,0.10641679105113389,1.0,-1.0
11.087379360364189,12.0,97.0,60.0,0.0,0.9263475143666476,4.0,-5.0
4.858413800180376,6.0,21.0,12.0,8.0,0.5704912907857236,4.0,-1.0
39.95433757691099,41.0,92.0,20.0,0.0,0.9604114314817609,2.0,-3.0
11.449810571229062,13.0,65.0,58.0,1.0,0.0036252835013581564,1.0,-5.0
0.3986772859210247,1.0,8.0,4.0,3.0,0.24917056092378098,5.0,-5.0
6.111655084996778,8.0,97.0,10.0,3.0,0.40780677240806484,3.0,-4.0
4.821256333124697,5.0,35.0,27.0,7.0,0.8864395119750272,2.0,-1.0
6.743300838011649,8.0,63.0,35.0,7.0,0.10596635697006496,3.0,-5.0
10.25940823147915,11.0,68.0,25.0,3.0,0.2061807561993363,5.0,-4.0
23.476620701225517,25.0,78.0,46.0,0.0,0.4726116369749037,4.0,-1.0
8.31091571887508,9.0,90.0,70.0,7.0,0.925809210990096,3.0,-5.0
9.119613272397064,10.0,40.0,28.0,5.0,0.275329247791977,4.0,-5.0
3.0503014709012426,4.0,27.0,6.0,1.0,0.34020443981536197,1.0,-3.0
9.419196921732828,10.0,59.0,29.0,7.0,0.8641641506043413,4.0,-2.0
217.39594872769578,218.0,94.0,44.0,1.0,0.6149975431755369,1.0,-1.0
1.8545388649647507,4.0,49.0,48.0,8.0,0.6348044005563355,2.0,-2.0
6.883335014423912,8.0,80.0,67.0,7.0,0.8147698989118579,3.0,-3.0
54.16664798019779,56.0,79.0,30.0,9.0,0.4761539241726449,3.0,-1.0
8.23064792203967,10.0,52.0,47.0,2.0,0.623053954322913,4.0,-5.0
14.812612199426166,17.0,86.0,74.0,4.0,0.4014457779862649,5.0,-2.0
22.06579000444593,13.0,18.0,15.0,8.0,0.22758895106271437,2.0,-1.0
4.749253601888247,2.0,6.0,1.0,0.0,0.41055940234533106,4.0,-1.0
7.1904402622324906,8.0,88.0,56.0,9.0,0.945035336265552,5.0,-5.0
2.9897005326769133,2.0,5.0,3.0,0.0,0.9337926643916569,1.0,-4.0
3.3341869441607566,2.0,11.0,7.0,5.0,0.4857362300874045,3.0,-4.0
82.21438781854893,79.0,92.0,56.0,2.0,0.41789758241711206,4.0,-4.0
295.98845251914895,148.0,56.0,52.0,1.0,0.27589866027324095,2.0,-1.0
27.973148806741065,28.0,46.0,25.0,10.0,0.29275429731825364,3.0,-2.0
1.8686243629214194,3.0,27.0,19.0,10.0,0.026231811518337422,2.0,-5.0
1.7010033979294372,3.0,38.0,36.0,10.0,0.6959627674695339,3.0,-3.0
7.829456371942415,8.0,35.0,27.0,10.0,0.8602546153900972,2.0,-5.0
58.910979401231344,43.0,58.0,47.0,2.0,0.31238891559483606,5.0,-2.0
38.88648085828934,36.0,87.0,57.0,3.0,0.5771476341850692,5.0,-5.0
17.895882773282793,19.0,85.0,14.0,1.0,0.4245253100076549,1.0,-2.0
8.132135430435847,9.0,67.0,28.0,6.0,0.03683543996234062,5.0,-3.0
5.076318604737683,5.0,19.0,5.0,4.0,0.7515808242191073,4.0,-1.0
2.351654018222426,3.0,22.0,12.0,6.0,0.08972085574600852,2.0,-3.0
6.900067109843996,7.0,46.0,15.0,9.0,0.06522161998684861,1.0,-1.0
22.181430354362682,23.0,84.0,26.0,8.0,0.39617013401993817,1.0,-2.0
0.3196079509453362,2.0,59.0,10.0,9.0,0.3118611165949823,1.0,-5.0
0.2874470980990567,2.0,89.0,88.0,9.0,0.9131501683922557,4.0,-2.0
0.6256204447852799,1.0,9.0,8.0,7.0,0.23359779390862367,3.0,-3.0
2.676760694622092,3.0,18.0,16.0,6.0,0.15801764983646538,3.0,-5.0
274.8109820088481,65.0,83.0,4.0,1.0,0.8315139009498637,1.0,-5.0
27.25482756578373,23.0,77.0,14.0,10.0,0.6639396376107122,5.0,-3.0
24.399476080437495,25.0,77.0,29.0,8.0,0.8524650508405468,3.0,-4.0
37.61982741909858,39.0,60.0,42.0,8.0,0.41924425319006586,2.0,-3.0
3.1359469153939177,4.0,22.0,11.0,8.0,0.5108377883189423,1.0,-3.0
28.761744030568554,29.0,100.0,16.0,10.0,0.8457923031903725,4.0,-3.0
21.01076552356431,22.0,58.0,33.0,8.0,0.7299554042420401,2.0,-1.0
1.7051095073039906,1.0,6.0,2.0,1.0,0.7050989317607291,5.0,-4.0
4.61593989291786,6.0,46.0,37.0,3.0,0.7374413558660347,3.0,-1.0
24.337654970872727,25.0,87.0,70.0,1.0,0.020610885258978806,5.0,-3.0
45.34424055073461,46.0,88.0,84.0,2.0,0.06387052317958575,1.0,-2.0
44.66707464121681,44.0,57.0,52.0,6.0,0.49253966501338087,1.0,-3.0
30.738351448726196,32.0,53.0,31.0,0.0,0.49787196987686333,1.0,-3.0
0.789764679898854,2.0,8.0,5.0,3.0,0.09352001908818153,2.0,-3.0
5.343392881727331,6.0,34.0,23.0,4.0,0.04935631264518525,5.0,-4.0
3.223003059853241,4.0,69.0,65.0,7.0,0.6058683658739303,4.0,-3.0
9.551570245554931,10.0,40.0,14.0,6.0,0.944413103428722,3.0,-2.0
227.3932052560734,229.0,93.0,47.0,4.0,0.4007642546577681,2.0,-1.0
5.663903734665954,7.0,100.0,18.0,9.0,0.3527474855850987,1.0,-3.0
0.4582186856508304,2.0,75.0,3.0,1.0,0.07940898019051146,3.0,-5.0
28.251720188449227,29.0,68.0,45.0,1.0,0.0737621183978413,4.0,-2.0
12.110372263345987,11.0,30.0,18.0,10.0,0.8558408768362726,2.0,-5.0
8.628683708333606,10.0,67.0,15.0,4.0,0.28753035859192577,3.0,-3.0
1.4959451077322166,3.0,9.0,7.0,3.0,0.0652210192306033,2.0,-3.0
11.476915064986065,13.0,86.0,19.0,5.0,0.35603200126989876,2.0,-3.0
1.2222543368009873,3.0,23.0,13.0,7.0,0.015173012775743455,1.0,-5.0
2.042194976480347,3.0,70.0,8.0,2.0,0.2123969484695537,1.0,-4.0
3.9511223629454353,5.0,16.0,6.0,3.0,0.882731606453294,3.0,-1.0
310.65964969206954,82.0,96.0,32.0,5.0,0.5206013236876555,5.0,-5.0
23.255048795082796,25.0,93.0,62.0,8.0,0.6190062656511012,4.0,-3.0
0.5734204366542559,1.0,6.0,3.0,1.0,0.16801753281115306,4.0,-5.0
57.28614981165055,56.0,56.0,26.0,8.0,0.7047373583270515,2.0,-3.0
1.7907271966180462,3.0,95.0,4.0,1.0,0.0811757360828359,2.0,-2.0
113.41461237477628,90.0,90.0,87.0,1.0,0.3104300711362158,2.0,-2.0
21.10781780670707,22.0,53.0,27.0,10.0,0.8463542203944779,2.0,-3.0
22.073094181963477,4.0,10.0,2.0,0.0,0.7270720326901957,2.0,-4.0
8.153497404406775,10.0,52.0,45.0,4.0,0.7146318215609128,2.0,-2.0
37.80273728302452,19.0,18.0,10.0,8.0,0.6058124434231438,1.0,-1.0
21.388721598200853,22.0,95.0,59.0,10.0,0.17726824771844107,1.0,-3.0
21.83022271555224,23.0,52.0,25.0,7.0,0.8473634864088191,2.0,-3.0
24.99604212738307,26.0,84.0,12.0,3.0,0.7760912038240187,4.0,-1.0
2.2517062988671457,3.0,18.0,9.0,8.0,0.8567098397797251,5.0,-2.0
11.514134657761645,6.0,16.0,5.0,4.0,0.7910695041695545,2.0,-3.0
10.469954845220837,11.0,95.0,21.0,4.0,0.07526125467943356,3.0,-2.0
3.491304784852576,5.0,23.0,6.0,4.0,0.48959260942551464,3.0,-4.0
129.39297796938493,115.0,95.0,29.0,2.0,0.4652222240293077,3.0,-3.0
9.526204354280496,11.0,97.0,14.0,3.0,0.4613225900130604,1.0,-3.0
93.39274626061248,95.0,99.0,72.0,7.0,0.7148502802788282,2.0,-4.0
0.42133333903143794,3.0,37.0,7.0,6.0,0.2626582310579072,5.0,-5.0
6.997210305485473,8.0,23.0,10.0,3.0,0.39992026266489833,2.0,-3.0
128.6283993149082,93.0,35.0,32.0,3.0,0.3872721725744166,1.0,-1.0
20.411458691570928,18.0,19.0,4.0,0.0,0.9558135557307847,1.0,-5.0
17.153488627240762,18.0,38.0,34.0,0.0,0.25447397700188557,1.0,-3.0
4.586237389113436,6.0,43.0,16.0,9.0,0.11842358963928556,2.0,-2.0
16.06826497951372,14.0,30.0,14.0,9.0,0.7814712726568512,1.0,-5.0
43.795575890038165,45.0,97.0,34.0,0.0,0.8877002926422535,2.0,-3.0
9.237129365956521,10.0,81.0,42.0,6.0,0.90276136469051,5.0,-3.0
16.18409174748821,17.0,98.0,34.0,9.0,0.825750094584217,5.0,-1.0
7.846310188719488,9.0,35.0,13.0,4.0,0.28432134410816634,1.0,-2.0
1.5315520899064248,2.0,9.0,2.0,0.0,0.23137839207236355,1.0,-2.0
14.904850991588786,16.0,62.0,23.0,10.0,0.723319555787693,4.0,-1.0
10.14297320852375,11.0,74.0,48.0,8.0,0.9272251581707592,3.0,-3.0
7.341485650698165,9.0,52.0,36.0,7.0,0.6474244240414476,5.0,-3.0
4.273324247332683,5.0,99.0,22.0,9.0,0.1368388352759624,3.0,-4.0
13.484156435818614,15.0,51.0,32.0,10.0,0.47369111883691384,1.0,-4.0
2.3413740815623387,3.0,44.0,4.0,1.0,0.2395670383438291,1.0,-2.0
21.867261709645348,22.0,37.0,22.0,10.0,0.22561722269261164,1.0,-1.0
18.370229484207268,19.0,92.0,13.0,0.0,0.4307777608117527,1.0,-2.0
5.520191752903327,7.0,51.0,32.0,10.0,0.16910519945769487,1.0,-5.0
20.23234530559686,21.0,39.0,17.0,0.0,0.5942516108790462,2.0,-5.0
30.17439787947364,31.0,55.0,52.0,0.0,0.0922282502790952,1.0,-2.0
1.783890234744982,2.0,28.0,11.0,8.0,0.1647852722683868,5.0,-3.0
441.747633428104,203.0,44.0,11.0,0.0,0.6915677621510645,1.0,-2.0
1.6190141677244154,3.0,27.0,20.0,5.0,0.8872697904221926,5.0,-1.0
10.546498913043079,9.0,27.0,10.0,4.0,0.405181804099626,3.0,-3.0
35.47969135234619,37.0,81.0,33.0,2.0,0.6252521438693404,1.0,-4.0
22.139992514246902,23.0,42.0,31.0,8.0,0.49936769394047076,3.0,-2.0
0.6014096386414544,3.0,23.0,4.0,3.0,0.5562066363898724,1.0,-5.0
133.49397735958905,129.0,99.0,16.0,6.0,0.6554377239364612,2.0,-2.0
5.669655623169161,6.0,79.0,13.0,1.0,0.11043366657575815,5.0,-3.0
0.6956493402816049,2.0,54.0,7.0,5.0,0.3035697555835525,2.0,-5.0
7.774724050173026,8.0,21.0,15.0,5.0,0.7543463140628501,2.0,-3.0
14.553707860773335,15.0,32.0,26.0,10.0,0.22515595075388206,2.0,-2.0
8.583942413602577,10.0,56.0,26.0,4.0,0.3046343838884331,3.0,-5.0
11.96722267107794,13.0,66.0,42.0,6.0,0.19835664482112747,1.0,-4.0
17.636215101167377,6.0,22.0,18.0,0.0,0.44215253860847736,4.0,-5.0
71.32693446089618,61.0,82.0,51.0,3.0,0.36967138187497084,5.0,-4.0
30.13845881678803,31.0,90.0,61.0,4.0,0.015532681792278735,5.0,-2.0
9.73892548452222,10.0,34.0,30.0,3.0,0.1753743184955453,3.0,-4.0
23.32612002062708,24.0,37.0,24.0,7.0,0.926219191107824,1.0,-5.0
47.11009074109472,48.0,86.0,51.0,4.0,0.0011684411912912251,1.0,-1.0
39.71677714439046,35.0,50.0,17.0,2.0,0.5472690181856844,4.0,-3.0
37.0793697077783,38.0,59.0,54.0,5.0,0.1696276097317192,2.0,-2.0
160.72709903595802,87.0,38.0,31.0,9.0,0.287707341342445,2.0,-1.0
18.29783678371694,14.0,43.0,11.0,9.0,0.7497681215352897,3.0,-2.0
12.985022424237936,14.0,86.0,42.0,3.0,0.12456745620244059,4.0,-4.0
4.514877485343082,5.0,29.0,17.0,2.0,0.08470633896779589,4.0,-4.0
4.306565187349647,5.0,38.0,19.0,4.0,0.926483583013317,5.0,-3.0
37.21298890759391,38.0,73.0,65.0,3.0,0.04770215293084745,5.0,-2.0
24.138705712460904,12.0,30.0,16.0,2.0,0.6199979317991395,4.0,-5.0
10.849352181944838,12.0,27.0,9.0,0.0,0.6647713084186504,3.0,-1.0
17.881842936573964,20.0,100.0,30.0,9.0,0.3139582668390626,5.0,-4.0
4.078903692625321,5.0,73.0,63.0,9.0,0.9314548943040765,3.0,-5.0
0.7488991732825718,2.0,92.0,8.0,7.0,0.22156892156932861,1.0,-2.0
5.847954586122205,7.0,36.0,25.0,8.0,0.18216678014957166,2.0,-4.0
36.684040503611776,12.0,23.0,13.0,6.0,0.5454330178406213,3.0,-3.0
4.129598282031125,5.0,25.0,8.0,2.0,0.8738033110169953,5.0,-2.0
91.60027421241733,3.0,13.0,7.0,6.0,0.5081877484150406,4.0,-4.0
8.853535923593189,10.0,58.0,44.0,0.0,0.7635481861112001,3.0,-3.0
57.27139503225893,56.0,63.0,43.0,10.0,0.6698428944806905,2.0,-3.0
56.207551219627526,57.0,62.0,52.0,7.0,0.04984895701929226,3.0,-1.0
11.20253762363231,12.0,49.0,21.0,7.0,0.8748584236158379,3.0,-1.0
8.187301952726934,9.0,49.0,39.0,7.0,0.013072644430426217,3.0,-4.0
12.002841157950833,13.0,65.0,19.0,9.0,0.5278106537665338,2.0,-4.0
0.6878102853837844,2.0,18.0,15.0,1.0,0.9290742041569501,5.0,-4.0
23.447963953739155,24.0,31.0,10.0,2.0,0.7239000371357532,2.0,-2.0
12.130251952089237,3.0,14.0,13.0,5.0,0.33435597885355983,4.0,-3.0
85.4402353627748,85.0,42.0,23.0,10.0,0.4239234305429832,1.0,-1.0
26.00974678417994,25.0,30.0,7.0,4.0,0.9768567775061111,1.0,-4.0
11.594944327387278,13.0,73.0,22.0,0.0,0.18377022233681672,3.0,-3.0
1.8095540826943075,2.0,29.0,28.0,9.0,0.9105244667250912,1.0,-4.0
13.032641965699991,14.0,56.0,36.0,4.0,0.883652064804609,2.0,-2.0
4.060148069707354,5.0,35.0,24.0,9.0,0.958465828309165,3.0,-4.0
7.5373382830267825,9.0,27.0,5.0,2.0,0.6003302517115435,2.0,-4.0
20.630719634699094,22.0,98.0,78.0,0.0,0.49235703303293554,3.0,-1.0
7.560739221397792,8.0,32.0,20.0,4.0,0.8623821317206026,2.0,-1.0
5.560426878123557,5.0,30.0,23.0,9.0,0.6954329057708415,4.0,-5.0
39.67442678422123,41.0,48.0,23.0,5.0,0.5433762755705619,2.0,-1.0
2.2550494738211513,4.0,23.0,14.0,3.0,0.020343039942220087,1.0,-5.0
103.50321922597043,105.0,53.0,34.0,4.0,0.39452305651968433,2.0,-1.0
102.98253403038431,104.0,84.0,24.0,6.0,0.5275410229023153,2.0,-1.0
3.7467517995173907,5.0,65.0,27.0,9.0,0.032639783153035284,1.0,-5.0
31.01020656323324,32.0,56.0,44.0,7.0,0.16136889043578018,3.0,-2.0
1.395843100050197,3.0,13.0,9.0,4.0,0.06965591860811682,2.0,-4.0
85.5730000683923,86.0,97.0,31.0,4.0,0.22815997266107746,2.0,-1.0
16.663901744441095,17.0,71.0,64.0,8.0,0.09134892845607745,3.0,-4.0
0.632755368357186,2.0,6.0,5.0,0.0,0.916077918895034,2.0,-3.0
29.583378216911015,31.0,97.0,62.0,9.0,0.8832995423664372,2.0,-5.0
5.170013487452155,6.0,51.0,26.0,10.0,0.1131538138432161,4.0,-4.0
12.665582330826197,12.0,37.0,6.0,2.0,0.9210825638701922,3.0,-4.0
14.272553631052233,6.0,10.0,8.0,3.0,0.16241931666100562,3.0,-1.0
2.9581067002743335,4.0,11.0,6.0,3.0,0.8967567779684105,2.0,-1.0
13.736806366237424,15.0,28.0,12.0,0.0,0.4252869017722515,2.0,-3.0
31.00025418483078,32.0,57.0,37.0,7.0,0.5080664998653481,1.0,-3.0
235.67114579018028,144.0,74.0,31.0,4.0,0.3637429392383651,4.0,-2.0
5.1215376646278035,6.0,61.0,18.0,9.0,0.31067881418899734,1.0,-3.0
13.567671936293172,9.0,58.0,56.0,9.0,0.6912348707696621,2.0,-4.0
2.284265192057168,3.0,13.0,3.0,0.0,0.9308639350424098,5.0,-4.0
7.186074512701893,9.0,69.0,15.0,7.0,0.4318595255021912,4.0,-5.0
2.3603536032773014,4.0,63.0,57.0,3.0,0.8177490012338154,4.0,-4.0
41.196724513207506,37.0,61.0,50.0,7.0,0.27946109964496824,4.0,-3.0
35.9940346479422,36.0,36.0,29.0,10.0,0.39815889001670257,2.0,-1.0
39.37056490819315,41.0,75.0,64.0,3.0,0.5751031887983499,1.0,-5.0
53.640847190903756,56.0,77.0,37.0,6.0,0.6242833962510044,3.0,-3.0
36.43152977944761,38.0,81.0,30.0,3.0,0.4856980451068005,5.0,-2.0
25.656437955388,26.0,99.0,23.0,7.0,0.1254582829227091,2.0,-1.0
10.449139706029417,12.0,77.0,36.0,6.0,0.16127860633227542,3.0,-4.0
1.3289014505281302,2.0,35.0,5.0,2.0,0.24892803656866413,3.0,-4.0
56.86545433603021,49.0,92.0,79.0,6.0,0.30180756224913463,5.0,-4.0
5.894936682209165,7.0,44.0,29.0,6.0,0.8382840658882692,4.0,-5.0
5.205889190480695,6.0,62.0,57.0,8.0,0.9920901431841009,1.0,-4.0
19.306935583121035,20.0,43.0,34.0,6.0,0.1099487914127727,3.0,-2.0
17.63821610777325,20.0,81.0,21.0,3.0,0.4421654038656355,4.0,-5.0
40.63319632332893,42.0,44.0,35.0,0.0,0.28465883091317823,2.0,-2.0
31.86820052122675,27.0,83.0,74.0,5.0,0.2834832250599135,5.0,-5.0
1.6490831733677656,3.0,30.0,26.0,5.0,0.9042650349194921,3.0,-3.0
62.24414876503761,48.0,75.0,15.0,7.0,0.4234208612156142,5.0,-2.0
71.22513203867129,45.0,73.0,4.0,1.0,0.32812652880853166,5.0,-1.0
18.798998213237663,20.0,69.0,58.0,3.0,0.010616026479305152,4.0,-3.0
4.787529977980477,6.0,42.0,10.0,2.0,0.2657984373238478,2.0,-3.0
4.748028711774959,6.0,67.0,6.0,4.0,0.5262575185472893,1.0,-2.0
1.5380561526395766,3.0,16.0,6.0,0.0,0.10989720760825683,5.0,-5.0
1.265011016867104,2.0,31.0,28.0,3.0,0.7964401060543457,4.0,-4.0
20.99830096561005,22.0,74.0,9.0,5.0,0.849248090011772,4.0,-2.0
37.18298913941978,38.0,86.0,52.0,6.0,0.7285991577527228,2.0,-2.0
42.982241173578984,19.0,30.0,18.0,4.0,0.6677548693276019,2.0,-5.0
799.8676024040338,40.0,61.0,60.0,10.0,0.18749793094514067,4.0,-1.0
6.564370982312519,8.0,32.0,21.0,0.0,0.11441600951161068,3.0,-4.0
6.172996942841518,5.0,17.0,15.0,6.0,0.5084074369926005,1.0,-4.0
6.02491224897859,7.0,69.0,23.0,5.0,0.14462923142747708,3.0,-4.0
31.783506784782578,34.0,89.0,47.0,5.0,0.33481998901035004,4.0,-4.0
8.319753073947854,8.0,22.0,20.0,5.0,0.2992654689785684,1.0,-3.0
128.8167950452115,111.0,74.0,67.0,4.0,0.37773333442683354,2.0,-2.0
28.377784229762923,29.0,94.0,66.0,10.0,0.33777089179695596,2.0,-4.0
12.975025239629643,6.0,14.0,3.0,1.0,0.46146442948928923,2.0,-2.0
3.3414262772584613,5.0,73.0,69.0,2.0,0.4394187193189777,4.0,-1.0
24.471551537011575,26.0,99.0,28.0,5.0,0.650221349149149,5.0,-1.0
11.55179273525042,13.0,39.0,21.0,2.0,0.5697749627756132,5.0,-3.0
3.53264552292062,4.0,31.0,13.0,5.0,0.21692602795503568,4.0,-4.0
18.95037978192447,20.0,82.0,78.0,6.0,0.2001006415301846,1.0,-5.0
10.225937944899407,8.0,24.0,19.0,7.0,0.5466447875049311,2.0,-5.0
34.592117178484436,24.0,76.0,5.0,2.0,0.7565613418284806,4.0,-4.0
0.2832620585410666,2.0,59.0,58.0,4.0,0.8162874800240069,5.0,-3.0
36.81511639260159,37.0,81.0,25.0,8.0,0.5672791448670513,3.0,-5.0
2.3623058126187213,1.0,16.0,14.0,9.0,0.41191770144410145,2.0,-5.0
8.483073840926366,9.0,44.0,24.0,6.0,0.8715271934451526,3.0,-2.0
18.57647402937117,20.0,79.0,52.0,10.0,0.4906902564750494,4.0,-1.0
42.4637886043605,44.0,98.0,77.0,8.0,0.2750172216479311,2.0,-3.0
5.745511385896234,6.0,87.0,62.0,6.0,0.9279136417375722,5.0,-4.0
11.582316728552769,13.0,25.0,19.0,4.0,0.1762305773632069,2.0,-2.0
20.973032366937193,24.0,40.0,9.0,0.0,0.7141755007808218,1.0,-4.0
0.5812903882776485,2.0,6.0,5.0,3.0,0.4533850952312548,5.0,-1.0
0.2745790051835955,2.0,35.0,9.0,8.0,0.0716121909383739,1.0,-4.0
224.58838677858145,210.0,94.0,78.0,7.0,0.2678103599094086,3.0,-1.0
4.264849639967621,7.0,41.0,39.0,6.0,0.49378994191294323,3.0,-2.0
7.530265190849981,8.0,23.0,16.0,4.0,0.40107177069538025,2.0,-4.0
27.180406297735985,19.0,40.0,6.0,1.0,0.6072715849979878,4.0,-3.0
3.14219788469438,4.0,100.0,17.0,5.0,0.1968361828063141,1.0,-5.0
191.81190326554463,11.0,22.0,13.0,6.0,0.3272509857479933,4.0,-2.0
45.30046249590587,47.0,63.0,50.0,8.0,0.6788095246496441,1.0,-5.0
55.23624399584572,56.0,100.0,15.0,8.0,0.9231407793476833,2.0,-4.0
48.32723509274772,34.0,40.0,12.0,6.0,0.7158766891847361,2.0,-3.0
10.254461370762483,11.0,65.0,38.0,8.0,0.6618571875872541,5.0,-2.0
5.9240754233647905,8.0,47.0,26.0,4.0,0.854485696066177,5.0,-5.0
641.7654213282198,569.0,98.0,72.0,10.0,0.6344638305838278,1.0,-2.0
13.861650092366887,6.0,12.0,6.0,3.0,0.15671510996151905,4.0,-1.0
8.84766123249021,8.0,21.0,9.0,0.0,0.4261117185417418,3.0,-4.0
237.60802256835092,232.0,59.0,21.0,9.0,0.579963629992899,1.0,-1.0
7.216543651628943,8.0,21.0,14.0,8.0,0.39399868795694004,4.0,-1.0
17.245609075638043,18.0,70.0,61.0,7.0,0.760935985517433,1.0,-1.0
3.0113810487474235,4.0,83.0,13.0,5.0,0.3347730839155021,2.0,-5.0
13.476957464152418,15.0,34.0,15.0,1.0,0.49029746630055726,1.0,-3.0
241.01894907437645,239.0,76.0,53.0,6.0,0.6016648619254467,1.0,-2.0
5.383977304837827,6.0,57.0,47.0,9.0,0.9796232793768174,2.0,-5.0
6.137401724183105,7.0,86.0,58.0,0.0,0.9562191177688769,5.0,-5.0
8.933890354363715,10.0,59.0,45.0,6.0,0.938152352521666,2.0,-5.0
4.976773661996408,6.0,56.0,49.0,2.0,0.6758167156930738,4.0,-4.0
1.8348964143607631,3.0,33.0,18.0,9.0,0.009509096559251917,5.0,-5.0
7.133221893614881,8.0,45.0,10.0,7.0,0.19314422735653425,2.0,-1.0
48.01122663822785,49.0,70.0,32.0,1.0,0.9582963096791339,1.0,-4.0
196.26516528197885,163.0,96.0,32.0,6.0,0.5543482418356901,3.0,-3.0
18.580348270110246,18.0,55.0,48.0,2.0,0.16936288855492265,5.0,-4.0
8.424027159953773,9.0,90.0,33.0,0.0,0.1804389521107802,1.0,-5.0
25.27338411459853,26.0,78.0,61.0,2.0,0.33319103739494793,3.0,-5.0
19.29521837958288,20.0,37.0,20.0,3.0,0.9405236485425956,1.0,-1.0
8.865802464877788,10.0,61.0,17.0,2.0,0.2616211547815763,2.0,-3.0
7.6534857712471505,2.0,13.0,7.0,6.0,0.4639927517850969,4.0,-2.0
17.505770581810193,19.0,68.0,42.0,4.0,0.6213061341472158,3.0,-1.0
9.984887522985835,11.0,51.0,28.0,4.0,0.8839135217606369,3.0,-3.0
60.01586051112617,61.0,52.0,34.0,4.0,0.7000264271993955,1.0,-4.0
263.8749111133107,209.0,100.0,32.0,6.0,0.5802936930303045,2.0,-3.0
50.94017154357165,44.0,35.0,29.0,0.0,0.07178411745500679,5.0,-1.0
2.3545765025401475,3.0,21.0,10.0,2.0,0.1204722809923996,1.0,-4.0
12.162074044649593,13.0,14.0,4.0,2.0,0.9111140897221908,1.0,-1.0
4.853342031389315,5.0,28.0,11.0,7.0,0.45368937898492767,3.0,-4.0
54.881594012181964,54.0,87.0,12.0,1.0,0.727763063828383,3.0,-3.0
2.0574818040172413,3.0,18.0,9.0,1.0,0.13896897020061316,3.0,-5.0
5.922004481839238,6.0,18.0,14.0,0.0,0.44590782879531843,4.0,-2.0
7.286082184790599,8.0,37.0,21.0,7.0,0.0157056798172156,3.0,-2.0
4.410579820012777,5.0,76.0,22.0,3.0,0.08652204541825526,3.0,-5.0
72.39143302401718,57.0,65.0,22.0,10.0,0.7991418483094618,2.0,-5.0
1.385760277177094,1.0,9.0,8.0,5.0,0.2087808495075275,1.0,-3.0
5.6972154298946265,7.0,37.0,15.0,5.0,0.9723071128594097,4.0,-1.0
120.4586778494282,71.0,49.0,43.0,5.0,0.114089854050062,5.0,-1.0
81.06162852620764,78.0,44.0,17.0,7.0,0.44435997027155194,2.0,-1.0
7.355260743605911,8.0,57.0,39.0,4.0,0.8618069986726097,3.0,-1.0
8.545042178892661,10.0,27.0,24.0,7.0,0.0026355738186946143,2.0,-2.0
6.4763974082918265,8.0,44.0,25.0,6.0,0.9867459577348981,3.0,-2.0
22.22461622723897,19.0,32.0,12.0,9.0,0.7249757633102295,2.0,-2.0
1.9862078900705709,3.0,19.0,8.0,5.0,0.4149306814761966,2.0,-4.0
20.114208497732818,21.0,80.0,38.0,2.0,0.05255510048956491,2.0,-2.0
17.610268260827272,19.0,82.0,33.0,7.0,0.9456168877477699,3.0,-1.0
3.1134740399951397,4.0,34.0,13.0,8.0,0.09851921553135823,2.0,-2.0
5.036052082131746,5.0,16.0,5.0,1.0,0.7406072347546304,4.0,-3.0
25.521731099199748,26.0,62.0,45.0,6.0,0.4339863112713048,3.0,-5.0
25.648262643522322,5.0,17.0,7.0,2.0,0.42373624453138925,5.0,-3.0
12.173643119898943,13.0,34.0,17.0,3.0,0.8792919068279886,2.0,-3.0
23.16796998871664,11.0,48.0,44.0,8.0,0.38290339820434627,4.0,-5.0
3.9919138138504464,5.0,16.0,9.0,6.0,0.9647921246521842,2.0,-5.0
6.866097486248865,8.0,29.0,21.0,5.0,0.7217150409929399,2.0,-1.0
0.814664103844571,3.0,17.0,9.0,8.0,0.5389286043026305,2.0,-5.0
38.98091823190042,40.0,80.0,39.0,9.0,0.5287990850371721,3.0,-5.0
32.58135533382125,8.0,29.0,7.0,6.0,0.3350465612899951,4.0,-1.0
11.048815407072691,12.0,72.0,19.0,9.0,0.9746117914830156,5.0,-3.0
39.914521951279674,9.0,38.0,28.0,10.0,0.4549036312598931,5.0,-5.0
37.33112634088982,38.0,40.0,37.0,7.0,0.0981905323984269,1.0,-1.0
1.8636178479736554,3.0,26.0,21.0,10.0,0.8536614983375593,4.0,-5.0
97.09216741653066,14.0,44.0,40.0,0.0,0.3986689245162762,5.0,-4.0
2.2503945337691107,3.0,15.0,6.0,0.0,0.8570426756570421,5.0,-2.0
44.43109842631721,45.0,76.0,65.0,0.0,0.42284345011263735,2.0,-4.0
6.999246005658989,8.0,48.0,17.0,9.0,0.9365609440873435,5.0,-4.0
56.1904153829431,57.0,64.0,50.0,8.0,0.12627078200289188,1.0,-1.0
224.83773718757016,99.0,87.0,65.0,5.0,0.5916426103828685,3.0,-5.0
16.57265945527097,17.0,54.0,26.0,9.0,0.4415793470908288,4.0,-5.0
7.505649676400549,8.0,23.0,13.0,2.0,0.07634818961610301,5.0,-2.0
0.2666424631729891,2.0,28.0,7.0,6.0,0.20827660124584635,1.0,-5.0
0.2941728240067085,2.0,12.0,7.0,6.0,0.20007971573489258,3.0,-5.0
25.313744265740553,26.0,73.0,38.0,10.0,0.7091831204098029,4.0,-5.0
10.179003397124534,10.0,35.0,15.0,9.0,0.5684252219018,2.0,-4.0
58.63545764024636,59.0,85.0,66.0,0.0,0.14573353548593337,4.0,-2.0
621.791114369148,20.0,56.0,3.0,2.0,0.417047525696398,3.0,-2.0
1.3125929214390728,1.0,8.0,7.0,5.0,0.09525967002667024,3.0,-2.0
23.281188304350955,24.0,52.0,37.0,9.0,0.7288594018819623,2.0,-3.0
89.29131260883918,67.0,49.0,37.0,8.0,0.8268783146969039,1.0,-4.0
0.9158449437858107,4.0,48.0,47.0,3.0,0.56576532071834,5.0,-4.0
4.399932045640905,6.0,34.0,8.0,5.0,0.1883101839859369,5.0,-2.0
2.7861444270968234,5.0,40.0,9.0,6.0,0.48720719746714547,2.0,-4.0
3.723673121051047,4.0,23.0,22.0,8.0,0.13780794318820488,4.0,-5.0
224.06278276224384,13.0,37.0,5.0,2.0,0.5918310162927833,3.0,-4.0
18.701458940598126,19.0,61.0,54.0,3.0,0.28411750413435344,3.0,-5.0
494.27704177790304,81.0,54.0,29.0,2.0,0.49089579401905137,3.0,-3.0
102.69002385873796,96.0,81.0,74.0,10.0,0.06279419428960398,5.0,-1.0
11.535746001022781,13.0,62.0,32.0,1.0,0.044671555240411887,4.0,-3.0
1.7939803772687368,2.0,20.0,16.0,9.0,0.803297643527049,4.0,-5.0
11.082156599356683,3.0,13.0,9.0,1.0,0.40976485569080934,4.0,-4.0
13.345875606149148,13.0,28.0,15.0,6.0,0.6623472847048244,3.0,-3.0
2.9225089043375942,4.0,55.0,48.0,3.0,0.6790404566166135,4.0,-1.0
32.38361088077945,30.0,49.0,7.0,3.0,0.4593904685590706,4.0,-1.0
6.5538104435985565,3.0,8.0,3.0,2.0,0.7525829910104818,2.0,-3.0
36.446336967204516,25.0,98.0,96.0,2.0,0.2420865639129003,5.0,-5.0
85.9450427540794,87.0,95.0,48.0,10.0,0.5192856629372172,1.0,-2.0
3.786461275372463,1.0,6.0,3.0,0.0,0.6320494159684272,3.0,-3.0
34.38764736235008,33.0,52.0,16.0,9.0,0.6093775105965245,3.0,-2.0
7.792016769576463,9.0,64.0,55.0,1.0,0.8310056630047319,2.0,-3.0
120.48398626314707,22.0,53.0,8.0,2.0,0.5970548464993295,4.0,-5.0
3.437938801510714,4.0,61.0,17.0,5.0,0.06369205893343322,4.0,-4.0
33.86896495619155,35.0,98.0,22.0,4.0,0.9054927759761172,3.0,-5.0
198.86856034839684,146.0,76.0,51.0,6.0,0.6251422346058146,2.0,-3.0
11.480421025986164,13.0,30.0,13.0,0.0,0.8701954824113192,2.0,-2.0
97.33293188567515,92.0,68.0,27.0,9.0,0.45376693260113043,2.0,-2.0
40.79980898855859,42.0,36.0,15.0,2.0,0.5604570191031567,1.0,-2.0
1.8993839981772827,3.0,49.0,47.0,9.0,0.6843243216255502,2.0,-1.0
38.788928340817776,37.0,37.0,31.0,4.0,0.050654180823776596,5.0,-1.0
2.681863075433694,4.0,90.0,7.0,0.0,0.3983123669933569,1.0,-5.0
31.03666252389522,7.0,12.0,7.0,0.0,0.46241004760842286,3.0,-3.0
0.8544481947358968,2.0,56.0,5.0,3.0,0.09418686614327842,4.0,-3.0
34505.88697776311,29.0,50.0,10.0,5.0,0.500193203747261,3.0,-3.0
5.1673723766726365,6.0,85.0,81.0,10.0,0.7956813027467444,2.0,-4.0
119.21521393077958,74.0,79.0,12.0,7.0,0.7603348009464945,2.0,-4.0
5.224655519149171,6.0,21.0,15.0,6.0,0.5371002680468153,3.0,-1.0
2.1201775365602202,3.0,54.0,45.0,5.0,0.9056159416372281,5.0,-3.0
25.62631366512186,26.0,83.0,27.0,6.0,0.03610596300019853,4.0,-1.0
5.004578700365751,6.0,83.0,78.0,7.0,0.9996950325798376,1.0,-2.0
66.36852774765168,47.0,29.0,25.0,5.0,0.23288411601733594,2.0,-1.0
1.2826097895882986,3.0,95.0,8.0,2.0,0.053672981355989524,1.0,-5.0
10.054135216442328,11.0,39.0,16.0,4.0,0.9109519926983162,3.0,-5.0
132.95909546385337,120.0,70.0,16.0,5.0,0.6015349867784724,2.0,-2.0
30.499115651906568,31.0,51.0,36.0,9.0,0.8306058463158785,1.0,-2.0
41.57100858256995,43.0,87.0,36.0,7.0,0.528352064752957,5.0,-3.0
31.73157621891474,33.0,86.0,49.0,6.0,0.6332061902298117,3.0,-2.0
41.40576959122028,42.0,90.0,37.0,0.0,0.22128094531132436,3.0,-2.0
41.88772738431747,42.0,53.0,26.0,5.0,0.24977663979663933,4.0,-2.0
139.9151008864041,43.0,67.0,7.0,4.0,0.4048052469198369,4.0,-2.0
235.0016549919697,131.0,51.0,21.0,8.0,0.28191466885735883,3.0,-1.0
21.01258463975786,20.0,50.0,44.0,4.0,0.13704735944099367,5.0,-3.0
18.58459406219766,19.0,56.0,20.0,7.0,0.15024794309489675,1.0,-1.0
75.18878893072875,75.0,67.0,60.0,5.0,0.067126991995205,3.0,-1.0
7.309089669678353,8.0,47.0,29.0,6.0,0.6925373969530768,4.0,-1.0
9.683237901246306,11.0,59.0,16.0,3.0,0.9067772308968672,5.0,-1.0
7.0434015036959705,8.0,48.0,14.0,4.0,0.09670524024619409,4.0,-2.0
2507.4727925796415,1395.0,79.0,38.0,0.0,0.5081755622875214,1.0,-1.0
35.73846568593962,37.0,82.0,75.0,2.0,0.19147658636772447,2.0,-3.0
85.37853485724858,86.0,97.0,84.0,10.0,0.37775720355736286,1.0,-2.0
7.280823069624986,6.0,12.0,5.0,0.0,0.4626528909661436,2.0,-3.0
7.177093377891176,8.0,85.0,51.0,6.0,0.9671617256774169,5.0,-3.0
11.793805102879613,13.0,55.0,37.0,8.0,0.5052449967246798,4.0,-1.0
72.39309596497921,45.0,71.0,68.0,9.0,0.19750085922433414,4.0,-2.0
27.31499647977039,28.0,77.0,19.0,0.0,0.6246751416787116,4.0,-1.0
9.888790770576069,11.0,44.0,28.0,0.0,0.028085205265718116,3.0,-3.0
12.546203922236232,14.0,83.0,69.0,6.0,0.6231750748955568,3.0,-2.0
0.3355071523185009,2.0,33.0,10.0,9.0,0.003887521866783872,2.0,-3.0
11.821224082367241,13.0,79.0,36.0,4.0,0.3821674222422279,1.0,-5.0
18.48442992039218,19.0,47.0,41.0,7.0,0.8649195028014443,1.0,-4.0
187.58903540105803,142.0,46.0,16.0,9.0,0.48134219309504345,1.0,-1.0
7.177139826481757,6.0,14.0,11.0,7.0,0.14755830796547242,2.0,-1.0
0.7166764046851971,3.0,13.0,12.0,4.0,0.5658883129267743,4.0,-2.0
2.2797783218960213,4.0,98.0,93.0,10.0,0.6386391389002817,4.0,-1.0
18.499020373510863,20.0,69.0,11.0,5.0,0.689216859676269,5.0,-1.0
14.006449304773698,15.0,59.0,34.0,7.0,0.012052764498068025,4.0,-2.0
10.81270171274161,11.0,28.0,8.0,1.0,0.8562095594992709,3.0,-5.0
12.006877804462938,13.0,33.0,7.0,0.0,0.20850040643379786,1.0,-1.0
16.539083651660103,18.0,71.0,37.0,2.0,0.7569670780746918,4.0,-4.0
67.1707286187864,70.0,83.0,44.0,9.0,0.6957879400158504,1.0,-4.0
54.09674265373323,55.0,88.0,71.0,6.0,0.13307481864463566,4.0,-2.0
10.865735174030288,12.0,80.0,54.0,2.0,0.02381263294255198,4.0,-5.0
30.040118890812504,30.0,75.0,12.0,6.0,0.6828659046978005,4.0,-2.0
7.6489203953055105,8.0,60.0,26.0,9.0,0.9383413060324368,5.0,-4.0
8.97555145026727,3.0,17.0,14.0,10.0,0.7223735502793845,2.0,-4.0
4.200941142129754,6.0,35.0,28.0,7.0,0.00016002232729550592,2.0,-5.0
4.392204729049199,2.0,14.0,10.0,7.0,0.3861619549077264,3.0,-3.0
875.0975024760241,135.0,97.0,90.0,7.0,0.5810306852058982,2.0,-3.0
14166.349726321143,334.0,89.0,29.0,8.0,0.5010588472182167,2.0,-2.0
23.3268406137847,24.0,38.0,5.0,0.0,0.8048931207097554,2.0,-1.0
7.85842880874686,8.0,36.0,31.0,10.0,0.29096376147376535,3.0,-5.0
23.840592588714276,25.0,85.0,35.0,8.0,0.31860864615895435,5.0,-4.0
6.948243608964434,3.0,18.0,12.0,7.0,0.7329409476996993,3.0,-5.0
13.184088663321647,14.0,51.0,18.0,5.0,0.5838361912695382,5.0,-1.0
11.310767090016858,13.0,50.0,35.0,9.0,0.45021755534529295,1.0,-5.0
13.152802064864954,14.0,96.0,38.0,3.0,0.9262133433047629,5.0,-3.0
23.02595264185471,24.0,49.0,18.0,3.0,0.8365767367171892,2.0,-2.0
931.8653839166052,375.0,85.0,36.0,6.0,0.5131456755572501,2.0,-2.0
3.335313799560204,4.0,36.0,8.0,2.0,0.2001781361226459,3.0,-3.0
160.05509531630847,48.0,47.0,23.0,4.0,0.6973272681398942,2.0,-5.0
104.60496611160268,108.0,91.0,43.0,3.0,0.24314487126227669,5.0,-1.0
21.526958695630366,22.0,49.0,22.0,5.0,0.10514626705139885,1.0,-1.0
13.524128477323575,7.0,22.0,9.0,5.0,0.6720331896674583,2.0,-5.0
2.6547030660231967,3.0,63.0,9.0,4.0,0.3462833538295109,4.0,-5.0
0.5073029407256334,2.0,16.0,7.0,6.0,0.40575824828863594,1.0,-4.0
5.541789695560106,6.0,44.0,30.0,5.0,0.0698317079761861,2.0,-5.0
3.875631320429962,5.0,32.0,14.0,6.0,0.2935820170038135,5.0,-5.0
3.0534750295356052,4.0,43.0,18.0,9.0,0.010507705945197454,2.0,-3.0
63.39378164657136,64.0,65.0,59.0,0.0,0.02310311586009739,2.0,-1.0
23.966752238644556,25.0,92.0,50.0,7.0,0.6881069197631856,3.0,-1.0
259.2845815556558,256.0,79.0,44.0,8.0,0.7116622718687539,1.0,-2.0
49.11121285207646,30.0,40.0,31.0,4.0,0.6972095898178016,2.0,-4.0
103.46598795068046,102.0,83.0,69.0,9.0,0.3550248221942257,2.0,-2.0
13.704083631232407,15.0,69.0,41.0,9.0,0.38070422905528134,2.0,-5.0
104.5227209490705,74.0,84.0,40.0,2.0,0.515160298104503,4.0,-5.0
1.103994828897555,1.0,8.0,4.0,2.0,0.9581339307534403,4.0,-5.0
2.342297739576266,4.0,11.0,5.0,3.0,0.6910229311580595,1.0,-5.0
10.000989100511331,6.0,17.0,12.0,9.0,0.17500741752016769,3.0,-1.0
9.054043165692088,10.0,29.0,22.0,2.0,0.2558631599481791,3.0,-4.0
8.30024219697032,9.0,37.0,4.0,1.0,0.8292979332588104,5.0,-1.0
12.376625792624342,14.0,45.0,27.0,3.0,0.40905906426083194,5.0,-1.0
0.9191193301340558,1.0,12.0,11.0,8.0,0.12266766282994634,2.0,-4.0
58.12370209309074,59.0,80.0,22.0,4.0,0.17257891638091438,3.0,-1.0
6.355757714168731,7.0,44.0,20.0,6.0,0.3594545723859123,1.0,-4.0
113.40302294555698,56.0,32.0,16.0,2.0,0.17530930016438595,4.0,-1.0
11.41507909509137,4.0,19.0,17.0,5.0,0.39487589266761935,5.0,-5.0
1.5676494033290904,3.0,94.0,13.0,10.0,0.5143844669999617,1.0,-5.0
7.795509053117624,9.0,41.0,10.0,4.0,0.8862942865746287,5.0,-4.0
25.274041563133082,26.0,82.0,44.0,6.0,0.7007037865715162,3.0,-2.0
0.8429797178835374,2.0,14.0,12.0,0.0,0.8745072645451979,3.0,-2.0
9.111684641283777,6.0,29.0,27.0,9.0,0.28921637108772713,3.0,-4.0
3.3476985795563965,5.0,30.0,26.0,4.0,0.5487126756592614,3.0,-1.0
5.32345940957759,7.0,49.0,7.0,2.0,0.17679352167739038,4.0,-2.0
31.233314786892976,16.0,37.0,29.0,1.0,0.34483570511150996,5.0,-4.0
23.987811361120784,25.0,65.0,28.0,4.0,0.1998983763987825,3.0,-2.0
9.126742064182054,10.0,78.0,51.0,8.0,0.88425992551617,4.0,-5.0
4.714708326358871,6.0,32.0,14.0,5.0,0.21821604319898102,2.0,-3.0
1.096375955315676,2.0,26.0,22.0,5.0,0.9296767100019615,4.0,-1.0
17.061002439990727,19.0,61.0,18.0,0.0,0.5889924690731152,1.0,-4.0
54.74748149305202,55.0,68.0,22.0,9.0,0.9467404328960645,1.0,-2.0
11.734339904191074,13.0,51.0,40.0,8.0,0.21216020299856864,2.0,-4.0
11.300780175447436,7.0,35.0,29.0,10.0,0.5034374215943845,5.0,-4.0
21.85624896035072,22.0,94.0,47.0,5.0,0.01567055649675353,3.0,-2.0
22.279070426393726,23.0,89.0,55.0,6.0,0.25723233855041727,3.0,-4.0
3.8564339290488445,5.0,82.0,22.0,8.0,0.04107812618906603,5.0,-4.0
1.2168102000815122,1.0,10.0,6.0,4.0,0.9208092692527877,4.0,-5.0
13.097531595181321,14.0,75.0,37.0,2.0,0.25863786074963957,4.0,-5.0
13.574572675165317,14.0,76.0,43.0,8.0,0.17770624499995769,4.0,-4.0
12.815885232093637,14.0,54.0,20.0,2.0,0.913239397518498,3.0,-1.0
1.630334423574421,3.0,11.0,6.0,0.0,0.053295578170876046,2.0,-4.0
0.5875306023888592,1.0,10.0,9.0,6.0,0.6335598890856954,5.0,-4.0
4.966064054731618,4.0,18.0,12.0,3.0,0.39846244679866527,3.0,-5.0
74.4957631117613,11.0,38.0,37.0,4.0,0.31962772340741685,5.0,-3.0
1.1293845637633688,2.0,64.0,61.0,4.0,0.8080448535873772,4.0,-3.0
7.893284023121706,9.0,52.0,37.0,2.0,0.07073133474174209,3.0,-5.0
1415.169482155901,454.0,89.0,74.0,1.0,0.23710401811930149,3.0,-1.0
622.3630795575336,26.0,38.0,22.0,5.0,0.43224406655525516,4.0,-3.0
27.464404077290865,9.0,24.0,13.0,3.0,0.5794865420534075,3.0,-5.0
14.148264545317486,15.0,86.0,72.0,8.0,0.04764770057129397,5.0,-5.0
0.934307737183249,2.0,31.0,5.0,1.0,0.11979255855977389,1.0,-5.0
3.817833942387373,5.0,21.0,3.0,1.0,0.9714715273536547,5.0,-5.0
10.049067556329,11.0,54.0,28.0,5.0,0.1778076082413642,1.0,-3.0
6.253771626996137,6.0,19.0,9.0,7.0,0.9427192922572226,2.0,-5.0
27.046710096140533,28.0,98.0,44.0,2.0,0.6662828853739451,5.0,-4.0
3.0533796247985596,3.0,16.0,10.0,8.0,0.11499603218276033,2.0,-1.0
23.954755080084674,25.0,86.0,20.0,8.0,0.951038821138861,3.0,-2.0
27.30285277796892,27.0,79.0,34.0,4.0,0.39012137213658693,5.0,-5.0
1.9811116818591836,3.0,87.0,78.0,10.0,0.9428629883925769,5.0,-3.0
4.675065326296784,6.0,60.0,20.0,10.0,0.47683207605852485,1.0,-5.0
1.8748955608454871,3.0,22.0,17.0,6.0,0.9583519013283893,3.0,-5.0
12.557338321121525,13.0,80.0,11.0,9.0,0.36814611585902746,3.0,-2.0
0.33344361089562186,2.0,40.0,39.0,7.0,0.8887786477979567,4.0,-5.0
1495.002509867104,400.0,91.0,38.0,10.0,0.8070902890998773,1.0,-4.0
63.17008484296749,65.0,81.0,31.0,8.0,0.5453012025276681,1.0,-2.0
1.5295730394986609,3.0,55.0,51.0,9.0,0.923021771004941,3.0,-2.0
66.24896777145007,67.0,93.0,44.0,9.0,0.9132113885358604,1.0,-2.0
7.078573999311813,8.0,95.0,18.0,10.0,0.3587286083189607,4.0,-4.0
4.758086144274847,6.0,51.0,36.0,9.0,0.8940660053530322,4.0,-4.0
2.6156111755387625,4.0,81.0,14.0,7.0,0.29047015543326393,3.0,-5.0
12.141451887954574,13.0,38.0,32.0,4.0,0.7470874181840043,1.0,-1.0
13.927606066003522,15.0,58.0,40.0,4.0,0.40253424470562926,1.0,-5.0
24.824525626506613,26.0,75.0,48.0,2.0,0.19116563264836317,3.0,-3.0
13.42310185315666,15.0,81.0,54.0,1.0,0.008597210741616679,2.0,-4.0
7.375676263949031,7.0,33.0,29.0,10.0,0.7570538586757862,2.0,-4.0
5.3918929663178226,5.0,21.0,18.0,10.0,0.9260651444288817,1.0,-5.0
117.8345378976537,118.0,88.0,12.0,1.0,0.8224860951464439,1.0,-1.0
2.2122135418127056,4.0,55.0,49.0,6.0,0.7458017293837612,5.0,-4.0
102.56804753880772,80.0,80.0,42.0,4.0,0.6713107187275139,3.0,-5.0
25.316428273354695,4.0,12.0,11.0,0.0,0.7130999058696017,1.0,-4.0
11.227495589557945,12.0,59.0,22.0,4.0,0.23279882623243875,3.0,-3.0
12.508770433271483,14.0,69.0,45.0,2.0,0.26040198849032703,1.0,-5.0
54.98109953728513,16.0,17.0,5.0,0.0,0.18181193158347342,4.0,-1.0
147.60164029207039,25.0,63.0,1.0,0.0,0.284009906498757,4.0,-1.0
6.769907364776896,8.0,82.0,17.0,7.0,0.19035936422060717,5.0,-3.0
6.678956588304058,7.0,42.0,25.0,4.0,0.8863269387680169,3.0,-1.0
5.086231475751436,6.0,37.0,20.0,6.0,0.06186773219303543,1.0,-3.0
23.492355636582577,23.0,83.0,73.0,7.0,0.2190575478211133,5.0,-5.0
6.249327720083713,8.0,64.0,57.0,10.0,0.4457314979315712,5.0,-2.0
17.693218982738262,17.0,50.0,34.0,8.0,0.28116783029597736,5.0,-4.0
4.581022944534457,3.0,14.0,13.0,7.0,0.1150414775387485,4.0,-2.0
0.7703815121983278,1.0,8.0,6.0,5.0,0.38599169295326663,3.0,-4.0
9.614591224101346,10.0,35.0,23.0,4.0,0.8120257460847383,2.0,-2.0
16.31296928136442,17.0,58.0,34.0,8.0,0.13539203988444892,1.0,-2.0
23.420548817693675,25.0,85.0,35.0,8.0,0.626975476870347,4.0,-1.0
17.17985666430003,19.0,90.0,29.0,10.0,0.22351340917351403,2.0,-2.0
1.6454791419014494,3.0,13.0,9.0,0.0,0.9187004127283959,3.0,-4.0
0.3586939384760579,2.0,39.0,4.0,3.0,0.24242157854766877,1.0,-4.0
0.24641339642996055,2.0,16.0,15.0,1.0,0.8430368197562909,5.0,-1.0
4.139483466396633,5.0,55.0,20.0,7.0,0.2656445076668904,2.0,-5.0
14.374036097547876,15.0,65.0,46.0,2.0,0.9031182520548907,2.0,-5.0
3.6330153890295906,5.0,50.0,32.0,5.0,0.9954562002229216,5.0,-5.0
4.91384645957734,6.0,49.0,20.0,8.0,0.07970303628691122,4.0,-3.0
7.175267302271385,9.0,52.0,10.0,0.0,0.5212647395913899,1.0,-4.0
405.3147417859743,87.0,56.0,52.0,4.0,0.7203933788662032,1.0,-3.0
8.76715984648088,4.0,15.0,10.0,6.0,0.42395865042494174,3.0,-3.0
6.768518273732515,8.0,47.0,28.0,8.0,0.20902870639747995,1.0,-4.0
9.120076651060545,10.0,73.0,32.0,3.0,0.11717173770169886,3.0,-4.0
22.602493124314204,24.0,38.0,21.0,7.0,0.3504258836093844,4.0,-1.0
6.779766365111253,7.0,27.0,17.0,10.0,0.5667880062310517,2.0,-5.0
9338.024862721733,13.0,18.0,5.0,4.0,0.49994645548632066,1.0,-1.0
7.135009281641194,8.0,88.0,53.0,3.0,0.9864842220429321,5.0,-2.0
2.74401477593968,4.0,30.0,19.0,9.0,0.876090596179146,5.0,-3.0
29.313001106718723,23.0,44.0,13.0,5.0,0.7225073167419052,3.0,-4.0
183.4679670996136,184.0,94.0,19.0,6.0,0.4695969023651213,2.0,-1.0
13.966088035500963,8.0,23.0,14.0,6.0,0.3467405579688613,4.0,-3.0
233.9636814237116,189.0,78.0,55.0,9.0,0.13389804796476557,5.0,-1.0
6.913509670452049,8.0,44.0,24.0,0.0,0.21836228436343474,2.0,-5.0
3.4138804835732643,5.0,35.0,18.0,5.0,0.14900208272694604,3.0,-5.0
1.33284616796142,3.0,42.0,36.0,6.0,0.9169407973485996,5.0,-1.0
128.85547727474435,130.0,92.0,81.0,1.0,0.45971646764789875,1.0,-2.0
78.34290650668217,79.0,83.0,29.0,5.0,0.6723193662574739,2.0,-2.0
4.264786806278954,5.0,12.0,6.0,1.0,0.6813739711990446,3.0,-2.0
3.9547061358733044,6.0,96.0,94.0,7.0,0.5842877629540291,3.0,-3.0
20.008546644209034,10.0,29.0,4.0,3.0,0.6561832578631818,4.0,-4.0
20.36107060797379,21.0,82.0,80.0,2.0,0.028193363847857755,2.0,-4.0
0.2997221691494207,2.0,9.0,4.0,3.0,0.1848418661863891,4.0,-5.0
200.06553115018946,199.0,82.0,41.0,1.0,0.8012332131430742,1.0,-3.0
10.17823361617304,11.0,97.0,80.0,10.0,0.8900769570660829,2.0,-1.0
24.552356993098535,25.0,99.0,51.0,6.0,0.9910011573511448,2.0,-3.0
325.10109247539714,142.0,83.0,80.0,0.0,0.18848067427975945,3.0,-1.0
1.2125161642921123,2.0,19.0,9.0,5.0,0.1890083230047065,4.0,-5.0
24.793961672190573,25.0,38.0,35.0,0.0,0.19612199047027468,1.0,-2.0
6.289839708217437,5.0,10.0,7.0,0.0,0.14784900928252154,4.0,-2.0
159.16127105751974,128.0,89.0,41.0,6.0,0.2542996082190737,5.0,-2.0
4.121728037600229,5.0,17.0,14.0,4.0,0.7455700120256684,2.0,-3.0
6.1672967911505445,7.0,40.0,30.0,4.0,0.924291187489112,2.0,-3.0
19.773641917577248,21.0,86.0,49.0,8.0,0.3251702995392616,4.0,-5.0
9.72173782220795,11.0,96.0,69.0,3.0,0.8471601540508822,4.0,-4.0
9.692408799708158,11.0,53.0,31.0,4.0,0.3690524622937733,1.0,-5.0
14.15750145064661,16.0,83.0,38.0,7.0,0.28103480965149996,5.0,-5.0
14.709607466425474,16.0,79.0,42.0,5.0,0.29692743216360984,1.0,-4.0
23.66850926626016,25.0,85.0,17.0,7.0,0.6455026256972247,5.0,-1.0
27.89863595882093,26.0,43.0,21.0,5.0,0.20378503694785655,5.0,-2.0
20.833114983866494,22.0,98.0,24.0,8.0,0.24639839013617826,3.0,-2.0
131.99881405536095,118.0,83.0,80.0,8.0,0.15151351796791435,2.0,-1.0
38.28800002419957,40.0,57.0,23.0,0.0,0.23321493250512315,4.0,-2.0
20.326401127441663,21.0,47.0,31.0,8.0,0.2894888958159143,1.0,-2.0
3.368740855338676,1.0,7.0,6.0,3.0,0.6849099248637814,1.0,-5.0
149.24100639449733,41.0,55.0,24.0,9.0,0.4142130615607371,4.0,-3.0
16.63886789570946,18.0,90.0,46.0,1.0,0.16193613440187982,4.0,-4.0
57.96610056194609,60.0,97.0,35.0,0.0,0.6336988330225505,4.0,-4.0
7.518814775910432,7.0,34.0,26.0,10.0,0.2340006291406712,4.0,-4.0
1371.024461636874,308.0,75.0,38.0,5.0,0.19518608151446093,4.0,-1.0
15.420810939591235,17.0,58.0,36.0,1.0,0.34129248181963834,3.0,-5.0
6.311504387649604,7.0,20.0,9.0,3.0,0.91428304697714,2.0,-1.0
13.267068449440602,14.0,37.0,28.0,1.0,0.16081429238501144,3.0,-3.0
10.7375977786683,12.0,72.0,33.0,8.0,0.829012163659627,5.0,-3.0
0.2727279938288391,2.0,24.0,11.0,10.0,0.04166787851470599,4.0,-4.0
8.779411657245351,10.0,90.0,12.0,1.0,0.24958123734013749,4.0,-3.0
2.552107320988889,3.0,17.0,11.0,8.0,0.36490016894449706,2.0,-3.0
385.87570313766275,236.0,54.0,32.0,8.0,0.31260126874634386,2.0,-1.0
99.08195941702901,95.0,59.0,18.0,4.0,0.6034497103237378,2.0,-2.0
8.459293338675938,10.0,32.0,18.0,2.0,0.5180981759857743,1.0,-5.0
79.3345917172102,80.0,80.0,59.0,10.0,0.19118136906368965,1.0,-1.0
4.469707772877966,5.0,46.0,20.0,8.0,0.18789438946528036,3.0,-4.0
3.0903218468287803,4.0,57.0,48.0,1.0,0.9853863365523778,3.0,-3.0
13.813252360777163,6.0,38.0,34.0,10.0,0.5361971233812939,4.0,-4.0
3.9216465123227677,5.0,19.0,14.0,6.0,0.6549949356367936,3.0,-2.0
3.7579725690030146,4.0,11.0,2.0,0.0,0.7707011972449088,4.0,-3.0
163.57499520862936,140.0,61.0,19.0,8.0,0.8141907400737376,1.0,-3.0
5.558313388487686,6.0,60.0,40.0,6.0,0.8442459789935512,5.0,-4.0
92.98767161825803,43.0,64.0,49.0,2.0,0.4993951836337701,4.0,-5.0
9.246283043191259,10.0,95.0,66.0,7.0,0.8766279204076637,4.0,-3.0
16.317914759479475,18.0,97.0,68.0,10.0,0.5395982656174444,5.0,-2.0
23.970794210326325,26.0,88.0,46.0,3.0,0.6752132183501326,5.0,-5.0
7.254497894679099,8.0,34.0,14.0,8.0,0.7928183840875982,4.0,-2.0
15.123770266257687,16.0,90.0,60.0,6.0,0.49727205883897374,5.0,-1.0
58.566914795858246,2.0,16.0,15.0,9.0,0.6495921800988559,2.0,-4.0
2.382296555505425,3.0,15.0,7.0,3.0,0.9197630213958989,4.0,-4.0
31.84106103838523,33.0,80.0,36.0,6.0,0.4508689268871543,4.0,-5.0
37.25073415540226,36.0,58.0,23.0,4.0,0.562796971057143,4.0,-3.0
87.57774379053846,79.0,79.0,56.0,5.0,0.32323197164112116,5.0,-2.0
11.857194957330238,13.0,52.0,44.0,10.0,0.22650854401308707,1.0,-4.0
17.181782505823815,18.0,75.0,31.0,10.0,0.7121703756299566,4.0,-1.0
1.2134955105507979,2.0,48.0,44.0,7.0,0.9218069677612043,4.0,-5.0
68.44139260533855,69.0,64.0,41.0,7.0,0.8340134862999776,1.0,-3.0
57.71207970285138,56.0,71.0,27.0,7.0,0.39462933986028503,5.0,-2.0
16.785094952139545,18.0,67.0,25.0,2.0,0.6049561126942145,1.0,-5.0
225.21789303978215,83.0,66.0,12.0,6.0,0.2066279676029571,5.0,-1.0
22.842834497019847,23.0,40.0,15.0,4.0,0.12961213831152285,3.0,-1.0
13.360464092104854,15.0,95.0,19.0,5.0,0.48803305215510684,1.0,-3.0
47.47661283230951,49.0,82.0,49.0,8.0,0.7825131787046328,2.0,-4.0
27.679142060292087,29.0,65.0,19.0,1.0,0.5231287459282027,5.0,-2.0
5.677674628327947,6.0,23.0,10.0,1.0,0.6988521974420528,5.0,-4.0
9.731274094750786,4.0,14.0,10.0,7.0,0.4229288998853128,2.0,-2.0
6.057783559238503,4.0,12.0,9.0,3.0,0.4990461270417894,3.0,-2.0
53.4156767621281,11.0,23.0,12.0,8.0,0.6411864106823375,2.0,-3.0
4.616384128840811,5.0,27.0,14.0,10.0,0.06676048955609626,1.0,-1.0
52.178041885613716,25.0,93.0,6.0,4.0,0.5239097215609915,5.0,-2.0
1.081659782176469,2.0,48.0,10.0,7.0,0.24529693172773248,1.0,-4.0
19.248225328692712,20.0,95.0,78.0,5.0,0.1509303211503008,3.0,-5.0
2.8971989479090587,1.0,7.0,5.0,3.0,0.4788531177120645,4.0,-5.0
52.29519820240584,10.0,37.0,10.0,9.0,0.30325995857400867,4.0,-1.0
0.28607838101903116,2.0,43.0,8.0,7.0,0.21492207013939413,2.0,-5.0
71.52859201516196,72.0,81.0,41.0,7.0,0.1748885350499979,2.0,-1.0
155.7362602273465,154.0,45.0,24.0,5.0,0.5674216780643886,1.0,-1.0
9.773577253844179,11.0,17.0,9.0,1.0,0.5453666351577308,1.0,-3.0
76.51189412880376,77.0,72.0,58.0,10.0,0.12421551992428559,2.0,-1.0
22.020661020803853,20.0,30.0,23.0,9.0,0.5794708205328941,2.0,-2.0
7.867182057746272,9.0,63.0,21.0,1.0,0.11444841834099362,1.0,-3.0
4.155480576678609,6.0,51.0,8.0,4.0,0.60748315742594,1.0,-4.0
3.534152597360301,5.0,47.0,40.0,10.0,0.5961345644909832,4.0,-1.0
88.10609177895395,53.0,69.0,56.0,7.0,0.30548153792399757,5.0,-3.0
0.5670341866998146,1.0,5.0,3.0,1.0,0.05910947547092271,4.0,-4.0
104.07598296314872,43.0,91.0,7.0,1.0,0.5341225149041593,5.0,-4.0
17.675822317564478,19.0,77.0,27.0,3.0,0.4105532748517281,1.0,-3.0
48.087830751569555,49.0,73.0,38.0,3.0,0.9455669738184546,1.0,-4.0
15.965328973217575,18.0,78.0,65.0,8.0,0.8023774102599449,2.0,-4.0
22.860225718030343,24.0,89.0,71.0,7.0,0.3667295999216531,1.0,-5.0
11.956089666680167,13.0,56.0,36.0,4.0,0.33193423492466045,2.0,-5.0
63.308970600768525,64.0,75.0,64.0,4.0,0.01742233667345061,2.0,-1.0
146.95411013988675,62.0,71.0,59.0,2.0,0.3265154765442242,5.0,-3.0
6.420341638540174,7.0,48.0,32.0,3.0,0.0690152012668579,2.0,-5.0
14.474545685580216,16.0,87.0,50.0,9.0,0.5927019150689709,5.0,-1.0
42.07035618460033,46.0,84.0,67.0,8.0,0.4006808338132666,4.0,-2.0
513.830322273498,80.0,49.0,18.0,4.0,0.4120662400236861,3.0,-2.0
1.806107058308545,3.0,61.0,12.0,8.0,0.34816148275935543,3.0,-5.0
9.140835909125885,10.0,48.0,20.0,0.0,0.13533604951758826,3.0,-3.0
10.615392023748115,11.0,79.0,51.0,2.0,0.042673465825429524,4.0,-5.0
37.10319418341175,39.0,99.0,68.0,7.0,0.4794195280698188,2.0,-5.0
68.15994314678126,69.0,68.0,55.0,8.0,0.5776113585556171,1.0,-3.0
1.4471019918366288,5.0,65.0,2.0,1.0,0.478773744917529,4.0,-5.0
13.192296879175384,14.0,84.0,24.0,0.0,0.036151305268379064,3.0,-2.0
0.8265218011939489,2.0,11.0,7.0,4.0,0.061721946179285836,2.0,-4.0
1.3044128074168557,3.0,30.0,29.0,4.0,0.5888761579959011,2.0,-1.0
13.540570707395828,16.0,42.0,32.0,7.0,0.6230868847910773,3.0,-3.0
3.994188678422472,1.0,6.0,4.0,2.0,0.7501212453484593,2.0,-4.0
9.796341691540443,11.0,83.0,33.0,4.0,0.33995187671191696,1.0,-5.0
124.28549621924181,38.0,32.0,15.0,0.0,0.6894636415311777,2.0,-4.0
9.04138938803061,10.0,57.0,33.0,6.0,0.956807410481793,3.0,-5.0
14.057694034787701,15.0,44.0,32.0,3.0,0.41958182240948827,2.0,-5.0
9.276794253927577,10.0,43.0,30.0,1.0,0.2082133450868897,4.0,-5.0
1.919734749704211,3.0,43.0,17.0,9.0,0.11896537483088487,2.0,-5.0
1.7294843539015223,3.0,34.0,8.0,2.0,0.08845964343219082,2.0,-4.0
3.82483120122285,5.0,47.0,40.0,5.0,0.9433820415187651,2.0,-1.0
10.73700479778559,11.0,21.0,19.0,9.0,0.03432078180395293,1.0,-1.0
1.0737552942949582,1.0,17.0,12.0,9.0,0.9570693069647523,5.0,-3.0
5.041498243349983,5.0,32.0,22.0,4.0,0.6983537336979252,5.0,-5.0
3.077749144477438,4.0,25.0,13.0,6.0,0.12093510162773469,3.0,-3.0
0.41225407843646406,2.0,7.0,6.0,1.0,0.7750983650639678,4.0,-3.0
0.37503907377300605,1.0,9.0,8.0,5.0,0.8518209819637959,4.0,-5.0
24.34344098336884,26.0,58.0,47.0,1.0,0.5183956598998838,1.0,-5.0
12.15042716023626,13.0,35.0,26.0,8.0,0.12964265036485356,2.0,-2.0
11.959396416719414,12.0,67.0,59.0,9.0,0.9448216799750847,1.0,-5.0
0.28168713141275487,2.0,9.0,3.0,2.0,0.24166034553734206,1.0,-5.0
6.8865765025938135,8.0,23.0,14.0,7.0,0.19670595404368296,3.0,-2.0
16.90380031916484,18.0,73.0,40.0,10.0,0.6613581914974991,5.0,-4.0
86.24012899317455,34.0,65.0,21.0,9.0,0.5011337020553163,5.0,-4.0
3.85453824974939,5.0,74.0,19.0,9.0,0.30070694101134654,3.0,-5.0
12.947634629514633,14.0,97.0,59.0,10.0,0.986979801134912,3.0,-2.0
6.317037123000545,7.0,36.0,7.0,4.0,0.9545288652704679,5.0,-4.0
26.809786765229095,6.0,21.0,4.0,3.0,0.32681936002600454,4.0,-1.0
38.674426235608564,38.0,35.0,22.0,3.0,0.10174385582736223,4.0,-1.0
21.921164123818123,23.0,96.0,58.0,8.0,0.8190692258166791,3.0,-4.0
0.8326116269535123,2.0,67.0,8.0,6.0,0.4329866139955495,1.0,-5.0
22.251172505708162,23.0,100.0,22.0,3.0,0.9450481391236071,4.0,-5.0
33.308815145978514,34.0,95.0,67.0,5.0,0.605077289139856,4.0,-4.0
26.147139302971205,27.0,55.0,9.0,0.0,0.16394852133042626,3.0,-1.0
0.867891397295443,1.0,9.0,8.0,7.0,0.30796368395165585,3.0,-3.0
62.427474013766464,3.0,10.0,4.0,0.0,0.6169907058887287,3.0,-5.0
36.88998676987578,38.0,92.0,53.0,8.0,0.13002613111648487,4.0,-2.0
0.6505183046680534,3.0,21.0,20.0,6.0,0.6921544699096285,4.0,-4.0
7.22798854477166,8.0,58.0,25.0,1.0,0.11326235850774102,2.0,-4.0
0.9761522681306095,2.0,18.0,17.0,10.0,0.604886068013766,3.0,-2.0
0.3185268367202945,2.0,34.0,33.0,1.0,0.8139452896014919,5.0,-5.0
1.8955927919569724,4.0,39.0,37.0,4.0,0.631884865283701,4.0,-4.0
26.780937240432742,25.0,99.0,98.0,2.0,0.08307214091773307,1.0,-4.0
122.54086846363697,11.0,40.0,13.0,9.0,0.6525418318991391,3.0,-5.0
81.97498925953238,4.0,11.0,6.0,5.0,0.8121988427084023,1.0,-4.0
2.0239104672115573,3.0,95.0,11.0,3.0,0.006750854023554798,3.0,-4.0
49.730283242435405,51.0,77.0,49.0,5.0,0.3717424130651622,1.0,-2.0
6.507111143633109,7.0,76.0,18.0,6.0,0.022266239961592604,5.0,-2.0
40.843470361768375,42.0,37.0,27.0,7.0,0.5034418817104154,1.0,-2.0
117.51488150193916,72.0,62.0,35.0,0.0,0.6042511621323642,3.0,-4.0
32.23886028182182,33.0,70.0,6.0,4.0,0.9950606136045385,2.0,-1.0
4.078731428551465,5.0,29.0,13.0,2.0,0.07577075785138299,1.0,-3.0
4.644415205840545,5.0,36.0,20.0,7.0,0.9383330849078297,4.0,-5.0
0.5232584694886936,2.0,76.0,3.0,1.0,0.03555943510887971,1.0,-4.0
9.942263047808819,11.0,87.0,21.0,10.0,0.17872241064021543,3.0,-2.0
6.408165997818025,8.0,93.0,83.0,6.0,0.6515012698174037,4.0,-3.0
2.703985985304601,1.0,6.0,5.0,4.0,0.4075438995029267,2.0,-2.0
26.557837102223292,27.0,90.0,20.0,10.0,0.7373063122178054,5.0,-4.0
16.731583117464943,18.0,97.0,54.0,0.0,0.8411099913931653,4.0,-5.0
111.1172489783438,112.0,89.0,38.0,2.0,0.22533929901073468,2.0,-1.0
228.98707136394563,55.0,73.0,25.0,6.0,0.5788465357037609,4.0,-5.0
4.1200019512013135,5.0,33.0,19.0,5.0,0.10032389281118881,2.0,-4.0
80.44530725076997,77.0,52.0,42.0,2.0,0.10055355280001832,4.0,-1.0
13.200922008633691,14.0,80.0,47.0,8.0,0.00913218069930044,2.0,-3.0
0.5752633786599698,2.0,21.0,20.0,9.0,0.623055698513094,4.0,-2.0
25.722718230078478,4.0,20.0,13.0,9.0,0.6103047116193334,3.0,-4.0
52.68633147178045,4.0,15.0,3.0,1.0,0.46110900836485014,4.0,-3.0
4.059492988122985,5.0,36.0,21.0,2.0,0.03196125586153176,5.0,-5.0
45.025661449676406,46.0,56.0,23.0,1.0,0.9109717950276195,1.0,-2.0
8.472863416789682,10.0,46.0,32.0,0.0,0.6087223274140876,4.0,-2.0
13.959072080392872,15.0,97.0,27.0,8.0,0.15971950193796025,2.0,-2.0
1.8024061720674112,3.0,29.0,12.0,6.0,0.08388957404660424,4.0,-4.0
16.66994287729165,17.0,52.0,27.0,1.0,0.14676886434889824,1.0,-2.0
13.154453763847158,14.0,91.0,49.0,1.0,0.04388071844609709,4.0,-4.0
2.0832603063448136,3.0,96.0,4.0,1.0,0.1866498406587105,1.0,-2.0
8.433068784902018,9.0,64.0,44.0,10.0,0.8743231796189452,3.0,-2.0
2.5632240458393007,1.0,11.0,9.0,8.0,0.6585523330820569,2.0,-5.0
47.44377325374222,48.0,82.0,54.0,7.0,0.2870505238496248,4.0,-3.0
23.39660053790955,16.0,55.0,53.0,3.0,0.20699304433382237,5.0,-4.0
4.724638398481483,5.0,16.0,12.0,8.0,0.6155418794438403,2.0,-1.0
4334.881641069498,79.0,89.0,15.0,7.0,0.33617847060686,4.0,-2.0
13.70038154022916,15.0,97.0,62.0,9.0,0.11314945978421642,5.0,-5.0
16.65880875297372,18.0,30.0,16.0,10.0,0.5466100630008742,1.0,-2.0
477.9916460905806,36.0,73.0,63.0,6.0,0.4311945615539532,5.0,-4.0
4.801451645846128,6.0,35.0,22.0,4.0,0.20852229257331956,1.0,-5.0
32.53361412439277,3.0,14.0,13.0,7.0,0.30259589370622997,4.0,-2.0
16.65877107976167,18.0,73.0,8.0,6.0,0.9836414071680523,4.0,-2.0
0.8688697087553345,2.0,69.0,11.0,7.0,0.039631781417487355,5.0,-5.0
11.604696554381542,9.0,31.0,30.0,1.0,0.21443025411428196,3.0,-4.0
30.337623915802414,32.0,96.0,64.0,1.0,0.41095917128389003,4.0,-1.0
1.6251533804972054,2.0,11.0,9.0,3.0,0.8461306143778395,2.0,-3.0
9.355478111194955,10.0,48.0,23.0,3.0,0.9344462293185101,3.0,-2.0
21.73208736482593,11.0,19.0,13.0,7.0,0.14478211044088485,4.0,-1.0
11.498259439403679,12.0,46.0,37.0,9.0,0.1956061029545254,4.0,-4.0
5.053964572959911,3.0,11.0,7.0,1.0,0.42364591174176325,4.0,-5.0
3.469408510769966,3.0,12.0,11.0,6.0,0.3897080378053873,1.0,-3.0
3.7634783082139935,4.0,28.0,9.0,6.0,0.10143253736146973,1.0,-1.0
28.872835014492548,26.0,61.0,33.0,9.0,0.39609610561296915,4.0,-4.0
0.4956955370595439,1.0,5.0,3.0,2.0,0.3304387723117366,2.0,-4.0
133.7807623466084,45.0,55.0,21.0,4.0,0.6567683942403378,3.0,-5.0
5.216401506163611,6.0,12.0,7.0,4.0,0.9792575872555137,1.0,-1.0
3.6154222870791215,4.0,32.0,11.0,6.0,0.36170356868493303,5.0,-5.0
52.130900301039574,19.0,35.0,30.0,5.0,0.6826520674274649,2.0,-4.0
17.27623984717197,19.0,69.0,43.0,4.0,0.3917949049016002,2.0,-5.0
0.7144839817732599,2.0,13.0,11.0,5.0,0.971317572446031,3.0,-4.0
4.220367199160196,6.0,35.0,15.0,6.0,0.20749823744165374,5.0,-4.0
10.457804755328068,6.0,14.0,12.0,7.0,0.5072960620646321,1.0,-2.0
41.68818555402171,26.0,73.0,19.0,10.0,0.629533102202359,5.0,-5.0
48.20269541054172,50.0,87.0,60.0,7.0,0.39003366290018304,3.0,-1.0
9.022730336460086,7.0,33.0,32.0,4.0,0.2709609277921692,2.0,-5.0
7.624470768059089,9.0,67.0,56.0,5.0,0.8606807716439117,2.0,-2.0
99.2931394701591,69.0,64.0,9.0,7.0,0.8884788523494348,1.0,-3.0
11.418955061824953,12.0,55.0,46.0,2.0,0.018344719790761466,4.0,-4.0
76.4243510107587,77.0,88.0,50.0,1.0,0.17942154985979542,1.0,-1.0
8.443062324426643,9.0,48.0,14.0,3.0,0.9026974892940742,5.0,-5.0
41.94655205342599,43.0,79.0,58.0,3.0,0.24125822945233377,4.0,-3.0
11.138823004407143,12.0,70.0,42.0,7.0,0.1857836776277706,5.0,-5.0
2.292899445391545,4.0,19.0,14.0,0.0,0.6967741876665812,4.0,-2.0
99.37681966229586,26.0,67.0,60.0,7.0,0.5088048702199712,4.0,-4.0
14.397109939711392,2.0,15.0,11.0,10.0,0.561505945050405,3.0,-4.0
29.150678288622778,28.0,56.0,12.0,4.0,0.5848998067006258,4.0,-2.0
1.355354819442117,1.0,10.0,8.0,6.0,0.44054645586983376,3.0,-5.0
13.721571495138559,15.0,45.0,29.0,4.0,0.05935041748298053,1.0,-2.0
3.2254385430009838,4.0,15.0,8.0,5.0,0.792561880088337,3.0,-1.0
45.82908995236017,46.0,73.0,29.0,0.0,0.9900222219431941,1.0,-3.0
227.48010924633067,226.0,90.0,56.0,1.0,0.7873659043340604,1.0,-3.0
45.69014978231957,43.0,60.0,26.0,8.0,0.39202041253338393,5.0,-2.0
73.60727952059192,47.0,70.0,40.0,7.0,0.6008409316086241,4.0,-5.0
172.15031581126362,59.0,80.0,62.0,9.0,0.41023661356631147,5.0,-4.0
1.9883677932561419,3.0,19.0,12.0,3.0,0.06766777464950335,2.0,-5.0
38.9705360416064,40.0,84.0,12.0,4.0,0.7118874110631306,3.0,-1.0
122.84406379847404,123.0,58.0,31.0,0.0,0.6098954201168953,1.0,-1.0
13.73065613011876,9.0,29.0,28.0,1.0,0.4067194496150204,1.0,-4.0
8.234534337419392,9.0,52.0,9.0,6.0,0.2118935579891712,2.0,-1.0
4.761236991177096,6.0,72.0,63.0,4.0,0.6544738972637579,5.0,-4.0
14.320263939091083,17.0,89.0,13.0,0.0,0.5153659171915012,2.0,-4.0
16.707072877516723,18.0,52.0,40.0,1.0,0.6740369533308667,3.0,-4.0
19.784701679981925,13.0,51.0,2.0,1.0,0.7476661048146002,5.0,-5.0
9.898968936893068,11.0,51.0,24.0,6.0,0.7455113592562567,4.0,-1.0
362.3181857397768,252.0,82.0,52.0,0.0,0.18046669160825513,5.0,-1.0
93.64017436338945,21.0,58.0,48.0,7.0,0.45621537413963875,5.0,-5.0
19.567913478071155,12.0,35.0,27.0,8.0,0.5036278361941067,3.0,-5.0
18.88387748363605,22.0,83.0,67.0,7.0,0.6412139360138025,3.0,-3.0
278.01372386396764,272.0,100.0,17.0,4.0,0.4328488043041261,2.0,-1.0
3.8472346846612187,4.0,8.0,7.0,4.0,0.11010956623456214,1.0,-1.0
12.525252393538738,13.0,69.0,36.0,3.0,0.9478110638658193,3.0,-4.0
1.7000605865436842,1.0,4.0,1.0,0.0,0.7205803739985499,4.0,-4.0
8.82146960139215,10.0,37.0,14.0,5.0,0.9438964746445792,3.0,-4.0
3.0255593016614237,4.0,28.0,23.0,7.0,0.9131467525074085,2.0,-2.0
56.35163386944418,40.0,27.0,16.0,1.0,0.548800714569718,2.0,-2.0
10.946033046570857,2.0,10.0,7.0,1.0,0.5342589866488188,4.0,-4.0
6.675918734895205,8.0,43.0,29.0,4.0,0.8495149395898033,3.0,-3.0
152.22954053366342,67.0,82.0,14.0,3.0,0.43083673162384895,5.0,-3.0
117.79620782241066,117.0,64.0,44.0,2.0,0.16086300489545657,3.0,-1.0
16.155578192565365,17.0,99.0,73.0,0.0,0.9441930360796809,2.0,-5.0
7.612918442881178,9.0,45.0,21.0,9.0,0.8305072142850116,4.0,-1.0
0.36598593282595027,1.0,11.0,10.0,9.0,0.2834568181765459,3.0,-5.0
10.142489001367792,11.0,51.0,1.0,0.0,0.9882927322418444,5.0,-1.0
55.67559293789514,56.0,50.0,43.0,6.0,0.4451453018723862,1.0,-2.0
15.21446358435945,16.0,47.0,17.0,8.0,0.7943615867054316,3.0,-2.0
4.1625337615125355,6.0,65.0,18.0,5.0,0.10961277599114883,4.0,-4.0
0.29409413872060625,2.0,16.0,10.0,9.0,0.11994564437748634,1.0,-4.0
4.258507069650446,5.0,94.0,80.0,9.0,0.8097263449117933,5.0,-4.0
9.213269327314274,11.0,40.0,19.0,4.0,0.7132201982080707,4.0,-2.0
14.649870515543544,16.0,39.0,19.0,4.0,0.7275332966115066,3.0,-3.0
3.513666692080468,5.0,45.0,38.0,1.0,0.6653701395836936,4.0,-2.0
161.42539652370226,126.0,27.0,18.0,1.0,0.44734409713063994,1.0,-1.0
3.41886753855278,4.0,12.0,11.0,0.0,0.09782004289582891,4.0,-4.0
585.8792483315561,50.0,99.0,12.0,8.0,0.4497849661117409,4.0,-3.0
167.79309383163306,119.0,77.0,24.0,2.0,0.7594093150164207,2.0,-5.0
2.6551014399963613,4.0,19.0,7.0,2.0,0.44526182558385996,2.0,-5.0
309.4532702744459,233.0,67.0,57.0,8.0,0.6138854072576201,1.0,-2.0
22.359929573033806,16.0,65.0,9.0,5.0,0.7227200178043112,5.0,-4.0
3.8743263803804324,7.0,57.0,51.0,10.0,0.6548656311038731,5.0,-5.0
18.00326116725119,19.0,30.0,21.0,10.0,0.19449979373710535,1.0,-1.0
55.199565789460834,34.0,65.0,57.0,4.0,0.3799809399720876,4.0,-4.0
1.717668074239767,3.0,59.0,17.0,10.0,0.13210105649460058,2.0,-5.0
1.4257732553406604,5.0,53.0,6.0,5.0,0.47123231489056394,3.0,-4.0
54.535466294405495,25.0,58.0,9.0,7.0,0.5796995728815347,3.0,-2.0
326.9932541496827,99.0,57.0,23.0,7.0,0.42079553603539255,3.0,-2.0
36.87924599489461,36.0,61.0,31.0,7.0,0.3915379126635685,3.0,-3.0
14.994929586100149,16.0,60.0,16.0,4.0,0.7704805795804669,5.0,-4.0
17.120421264337885,18.0,72.0,49.0,7.0,0.25779822284039744,2.0,-4.0
150.255661337408,148.0,84.0,47.0,2.0,0.8743744935250884,1.0,-5.0
40.021914698949686,41.0,88.0,17.0,7.0,0.9677182953891698,2.0,-5.0
9.134538342222156,10.0,68.0,53.0,2.0,0.8060170161398179,3.0,-4.0
11.074550392063694,13.0,84.0,71.0,0.0,0.7391232219015814,3.0,-4.0
0.4447983549803483,1.0,6.0,5.0,4.0,0.1879475616292572,1.0,-3.0
4.6087243075142945,5.0,51.0,27.0,8.0,0.10967301545295705,3.0,-5.0
3.621071361720404,5.0,96.0,91.0,9.0,0.876161362234212,2.0,-3.0
3577.277082763846,84.0,54.0,20.0,9.0,0.8328208392516848,1.0,-5.0
13.33496749812846,15.0,45.0,12.0,0.0,0.809337086916705,4.0,-4.0
4.953386181167604,6.0,91.0,15.0,7.0,0.47698864140997566,1.0,-4.0
19.97047744850651,6.0,19.0,15.0,4.0,0.6000422374213845,3.0,-4.0
96.390951334752,47.0,45.0,38.0,7.0,0.3356786097227292,3.0,-2.0
5.00499578110712,6.0,21.0,12.0,5.0,0.759640662794292,3.0,-2.0
12.422258751299905,13.0,20.0,18.0,6.0,0.011330702404282134,2.0,-1.0
9.822003322032986,11.0,68.0,60.0,8.0,0.4536244475211636,3.0,-1.0
113.34570975638255,103.0,48.0,16.0,2.0,0.3205805276370376,3.0,-1.0
3.8477526275867833,5.0,86.0,71.0,1.0,0.8426256441768204,5.0,-2.0
26.748635422263,28.0,70.0,19.0,9.0,0.9688797726799487,2.0,-1.0
2.8411425674992263,1.0,12.0,9.0,6.0,0.3680108473648068,4.0,-4.0
1.6315964295912144,3.0,48.0,10.0,6.0,0.10968267306123325,2.0,-3.0
17.763359708153374,19.0,75.0,17.0,1.0,0.7108580147836375,5.0,-1.0
2.5721808884434707,4.0,51.0,44.0,8.0,0.8173465743991934,4.0,-3.0
112.30802230442322,112.0,85.0,70.0,4.0,0.3530826234721244,2.0,-2.0
4.055467872944903,5.0,71.0,4.0,0.0,0.5022795509126063,2.0,-4.0
23.631502983102376,25.0,99.0,21.0,1.0,0.8111865290619035,5.0,-4.0
30.63824958825,32.0,57.0,37.0,1.0,0.1649996296537367,3.0,-2.0
9.724261370966941,11.0,55.0,46.0,0.0,0.03369544938730462,3.0,-5.0
75.48997921667996,49.0,90.0,12.0,3.0,0.5592499690530897,5.0,-4.0
9.610217848615525,11.0,89.0,79.0,6.0,0.7550698922428776,3.0,-5.0
35.46489241449726,33.0,52.0,10.0,7.0,0.7960674426213072,2.0,-2.0
0.5624212590092992,1.0,13.0,12.0,10.0,0.6296711121723636,4.0,-2.0
0.8686676224961691,2.0,18.0,15.0,6.0,0.8066956109431301,5.0,-3.0
1.6076360460091912,3.0,24.0,8.0,5.0,0.42678119746727194,1.0,-4.0
7.66072347847316,7.0,12.0,4.0,2.0,0.5796426840702424,1.0,-2.0
37.313119586030425,39.0,100.0,47.0,1.0,0.48863027492745303,5.0,-2.0
11.114258640790338,12.0,57.0,38.0,3.0,0.10636150899499919,4.0,-4.0
0.670715265108214,3.0,17.0,5.0,4.0,0.43863179503625527,3.0,-5.0
17.32106693854459,18.0,72.0,50.0,8.0,0.11504142153579056,2.0,-3.0
21.950384508760127,23.0,84.0,52.0,10.0,0.8072291540452811,3.0,-5.0
1.943863617687227,3.0,34.0,26.0,0.0,0.8525858439182624,5.0,-1.0
2.6667655787985853,3.0,20.0,15.0,9.0,0.18752086350395647,1.0,-3.0
51.56920685761957,52.0,64.0,14.0,7.0,0.9898569517661183,1.0,-2.0
12.613507498065227,14.0,47.0,19.0,2.0,0.45652981037780715,3.0,-5.0
38.66405798093822,40.0,61.0,19.0,1.0,0.5215700458854218,3.0,-1.0
9.353068012587922,11.0,75.0,33.0,6.0,0.30189238495766046,2.0,-5.0
14.113165712760395,15.0,91.0,37.0,2.0,0.9806905055813396,4.0,-5.0
11.680148341324935,13.0,96.0,40.0,9.0,0.3909873531554321,1.0,-5.0
0.7952855233289967,2.0,28.0,26.0,8.0,0.8787050189308653,3.0,-1.0
1.8612852900899293,1.0,4.0,3.0,2.0,0.9074526302146496,1.0,-4.0
25.309624886119252,14.0,34.0,33.0,7.0,0.13896040330796178,5.0,-2.0
2.685911092872147,4.0,43.0,38.0,5.0,0.8576957141874952,3.0,-5.0
8.469053457892151,9.0,23.0,15.0,0.0,0.8241025997331684,2.0,-4.0
8.952046355526452,10.0,86.0,32.0,1.0,0.059678290690330704,5.0,-4.0
3.6016188807934792,4.0,50.0,44.0,1.0,0.9164793804250416,2.0,-2.0
49.36949241814114,27.0,64.0,52.0,6.0,0.5825627875124997,4.0,-5.0
72.57682378055101,49.0,86.0,14.0,3.0,0.5992052231683559,5.0,-5.0
2.2896283170761818,3.0,71.0,9.0,6.0,0.22991455605467714,1.0,-2.0
17.305039250589946,18.0,83.0,31.0,8.0,0.8341508432601722,4.0,-2.0
13.970758101867762,14.0,37.0,31.0,7.0,0.04702102509393746,4.0,-2.0
12.632994248541602,14.0,69.0,46.0,5.0,0.08383670047420833,5.0,-4.0
12.860947602990338,14.0,68.0,16.0,5.0,0.8633211353716306,5.0,-2.0
160.2385020686439,65.0,56.0,54.0,7.0,0.17667180578755992,3.0,-1.0
27.42188482552499,27.0,66.0,48.0,6.0,0.2742640685746277,5.0,-4.0
152.09922807706695,41.0,43.0,8.0,6.0,0.8460225872839616,1.0,-4.0
95.5013207339822,96.0,69.0,21.0,2.0,0.40052493591725147,1.0,-1.0
16.6468520566859,16.0,22.0,13.0,3.0,0.9234404595871257,1.0,-5.0
21.687356477653434,22.0,33.0,23.0,2.0,0.20633877603627426,3.0,-2.0
8.698814594630827,10.0,48.0,29.0,3.0,0.0022174006088601095,2.0,-3.0
1.1728341081749498,2.0,49.0,45.0,0.0,0.8410542012820901,5.0,-5.0
25.483107524748448,26.0,96.0,37.0,3.0,0.9021798905283259,3.0,-4.0
2.016386464598312,3.0,59.0,49.0,4.0,0.9932277926850791,5.0,-1.0
2.644880057510881,5.0,26.0,25.0,1.0,0.459362992934244,2.0,-1.0
44.117777468051784,38.0,63.0,55.0,0.0,0.5361910026282046,2.0,-5.0
1.3931659142318016,1.0,10.0,7.0,3.0,0.6837076434132011,5.0,-4.0
69.54854965315393,4.0,16.0,12.0,8.0,0.4115027560458081,3.0,-2.0
22.43597303721878,24.0,78.0,44.0,8.0,0.5030846929936829,4.0,-1.0
0.21635817866101018,2.0,9.0,8.0,4.0,0.9527456658842091,5.0,-3.0
34.849926811204625,35.0,67.0,35.0,10.0,0.07065959467121297,3.0,-1.0
24.52409813380546,26.0,93.0,47.0,8.0,0.7751412161949466,3.0,-2.0
20.555031622331814,22.0,92.0,24.0,0.0,0.8616384858889934,4.0,-1.0
103.21963257235156,35.0,35.0,20.0,9.0,0.8155718543622833,1.0,-5.0
0.2118105950644503,1.0,9.0,8.0,7.0,0.9535331905813598,5.0,-1.0
129.15169447314616,95.0,66.0,61.0,4.0,0.6396646299676468,1.0,-3.0
3.3223654408331273,4.0,34.0,10.0,6.0,0.2653461746623367,1.0,-2.0
4.300765420296182,5.0,66.0,49.0,10.0,0.8690980947186041,5.0,-3.0
5.056338989245201,6.0,46.0,22.0,2.0,0.008913799389642763,1.0,-4.0
4.860974114107471,6.0,33.0,19.0,8.0,0.10529701185153961,4.0,-3.0
22.257243287629628,17.0,80.0,78.0,6.0,0.25215686244218916,2.0,-5.0
15.822280559721715,17.0,87.0,46.0,7.0,0.8978206451535883,3.0,-1.0
11.278805842386225,12.0,95.0,56.0,7.0,0.9225446957138516,4.0,-3.0
76.46271725704,43.0,26.0,17.0,7.0,0.28973910266889236,2.0,-1.0
109.28783513663979,110.0,98.0,78.0,7.0,0.17516970250517583,1.0,-1.0
20.27559017216758,21.0,63.0,11.0,3.0,0.8911650605290482,3.0,-1.0
67.57407681480007,22.0,64.0,4.0,2.0,0.610989307638715,4.0,-4.0
8.981831906547212,10.0,88.0,46.0,7.0,0.065790137181577,5.0,-5.0
33.800673589684266,26.0,75.0,73.0,10.0,0.22722636380106243,2.0,-3.0
3.644287051386747,4.0,56.0,52.0,7.0,0.8195216756307874,2.0,-3.0
6.409948041910137,6.0,34.0,29.0,5.0,0.12558198844856627,5.0,-5.0
3.0455601266856083,4.0,36.0,24.0,1.0,0.8822402120112992,5.0,-4.0
13.89075157563844,12.0,24.0,10.0,3.0,0.8582664045391916,2.0,-5.0
0.7663929509540532,2.0,53.0,9.0,7.0,0.2780745314762416,1.0,-4.0
95.79232209498389,93.0,79.0,37.0,4.0,0.7397414167813896,2.0,-4.0
35.417768624962214,38.0,100.0,46.0,9.0,0.4925544369560564,2.0,-4.0
12.612491845061992,14.0,60.0,40.0,2.0,0.7317477188109285,4.0,-5.0
60.77271732592613,62.0,93.0,53.0,5.0,0.5262714872066392,3.0,-5.0
55.028392571150754,55.0,86.0,66.0,6.0,0.31827562949308075,3.0,-3.0
63.74374358075879,65.0,83.0,56.0,6.0,0.2431218588953642,3.0,-2.0
7.3225169336293865,10.0,66.0,63.0,9.0,0.281939038917676,4.0,-1.0
14.880890969390727,16.0,39.0,25.0,9.0,0.48119889069627575,1.0,-3.0
5.047866264767974,6.0,46.0,35.0,6.0,0.897392319423542,3.0,-5.0
1.0337783159507736,2.0,37.0,4.0,2.0,0.26633731111863546,1.0,-3.0
430.16814904240437,288.0,73.0,30.0,8.0,0.27499022771427994,3.0,-1.0
112.57868030692171,113.0,67.0,40.0,8.0,0.35787717571053934,1.0,-1.0
2.3160509716763378,3.0,96.0,13.0,9.0,0.5454870489382455,1.0,-5.0
18.85809122157683,19.0,32.0,18.0,8.0,0.9570644843770618,1.0,-5.0
18.75071129225967,14.0,29.0,18.0,9.0,0.5866697013985169,2.0,-4.0
68.63872628085461,69.0,95.0,52.0,3.0,0.09537242965192005,2.0,-1.0
4.809812968424831,5.0,29.0,13.0,5.0,0.925170297219821,4.0,-5.0
58.02949016032082,59.0,41.0,23.0,4.0,0.4367290375420644,2.0,-1.0
5.543696365614474,7.0,74.0,58.0,0.0,0.9715402388937714,3.0,-1.0
1.109134848551143,2.0,29.0,5.0,2.0,0.32788416074038196,2.0,-5.0
664.3097524531908,293.0,74.0,26.0,3.0,0.5180638624612779,2.0,-2.0
9.04946932477552,10.0,83.0,4.0,1.0,0.3335611060116719,5.0,-3.0
17.289518617374533,16.0,55.0,11.0,6.0,0.7272104946209925,5.0,-4.0
6.67725747309794,8.0,96.0,22.0,8.0,0.2903330812627083,5.0,-5.0
8.940721920196474,7.0,33.0,18.0,10.0,0.6308574300560181,5.0,-4.0
51.60240039354952,52.0,47.0,18.0,0.0,0.8904973401374227,1.0,-3.0
46.198998142079255,47.0,57.0,45.0,9.0,0.07358744094199843,2.0,-1.0
57.18209048206447,51.0,79.0,22.0,10.0,0.7138308004168803,3.0,-4.0
700.6895710148235,3.0,17.0,10.0,9.0,0.4019980317360402,3.0,-2.0
71.53326978184182,54.0,81.0,74.0,3.0,0.6829760940173903,2.0,-4.0
144.17201831325846,49.0,88.0,84.0,7.0,0.4951308256614345,3.0,-4.0
4.626639381655331,6.0,84.0,6.0,3.0,0.2703162380930302,3.0,-2.0
14.887860812650477,12.0,29.0,14.0,5.0,0.3992467743434689,3.0,-3.0
15.15798844728313,10.0,22.0,18.0,7.0,0.7123850069964087,1.0,-5.0
39.864009464914346,41.0,58.0,23.0,5.0,0.8129974901747096,2.0,-4.0
3.571447246034108,5.0,39.0,34.0,3.0,0.5999981698982269,3.0,-1.0
2.9062072320398253,3.0,15.0,10.0,9.0,0.6801138563758383,3.0,-1.0
56.10331540258326,57.0,81.0,33.0,10.0,0.4759274018405867,4.0,-2.0
5.672968104178612,7.0,52.0,50.0,10.0,0.4508497117835508,2.0,-1.0
51.47473745728654,52.0,43.0,33.0,10.0,0.5177262923125784,1.0,-2.0
38.61495873820409,39.0,59.0,45.0,2.0,0.5906384498227429,2.0,-2.0
1.5530080123709407,2.0,55.0,11.0,8.0,0.21365299134291382,2.0,-3.0
14.535128207751434,14.0,17.0,8.0,1.0,0.40479739620047506,3.0,-1.0
12.384886948408152,14.0,84.0,56.0,8.0,0.6086885701516682,5.0,-2.0
0.8951960096445706,2.0,15.0,10.0,8.0,0.2943087364010031,2.0,-4.0
4.061679892990068,5.0,70.0,59.0,10.0,0.7453598918512229,5.0,-4.0
6.950232828774454,7.0,15.0,9.0,6.0,0.965820108038668,1.0,-3.0
1.1103965740877575,2.0,27.0,23.0,8.0,0.9558129544128748,4.0,-5.0
15.85235683987932,8.0,19.0,11.0,6.0,0.5369178974394313,2.0,-3.0
7.609809161415774,8.0,18.0,16.0,5.0,0.6314093400752187,1.0,-1.0
0.3362807451188753,2.0,10.0,4.0,3.0,0.20525884130148464,1.0,-4.0
2.233937319710126,3.0,12.0,10.0,9.0,0.9476401334885077,1.0,-1.0
3.288307163512815,4.0,22.0,13.0,3.0,0.7736970590784326,5.0,-5.0
1.8328682848739164,3.0,29.0,22.0,5.0,0.8687945105111293,5.0,-4.0
3.0094004424728924,4.0,84.0,17.0,6.0,0.06895737471474206,1.0,-4.0
17.86302069378944,19.0,59.0,14.0,4.0,0.9398963490791724,3.0,-5.0
32.803280374887,32.0,66.0,49.0,0.0,0.38958299481701086,4.0,-5.0
22.049974775375297,17.0,59.0,7.0,2.0,0.3466552963725845,5.0,-3.0
41.70658470270925,42.0,89.0,23.0,9.0,0.5970806547313725,4.0,-2.0
1.6531356638527175,1.0,13.0,11.0,8.0,0.24280743386995662,5.0,-4.0
11.674037241039368,13.0,88.0,54.0,0.0,0.053478698254738055,2.0,-5.0
6.2064747773266795,7.0,88.0,23.0,9.0,0.0930363954119251,5.0,-3.0
2.0611582169464295,3.0,25.0,20.0,3.0,0.9282275712079623,3.0,-5.0
1.8936600473041145,3.0,15.0,10.0,7.0,0.7733982407171576,4.0,-2.0
7.725264335507531,8.0,41.0,17.0,6.0,0.8511149685344556,4.0,-2.0
7.1614719831957085,8.0,33.0,27.0,9.0,0.29731004904475666,1.0,-4.0
11.513902880709455,12.0,98.0,78.0,0.0,0.9123434861665736,2.0,-1.0
1.7476995915968079,3.0,79.0,2.0,0.0,0.5711277144405951,1.0,-4.0
0.7842201635183794,2.0,22.0,20.0,9.0,0.6500434613789835,5.0,-2.0
23.793644924824914,25.0,47.0,14.0,4.0,0.8978208264171813,2.0,-4.0
7.280929317591668,8.0,38.0,25.0,10.0,0.38796468566840614,1.0,-4.0
7.176110511053771,6.0,20.0,15.0,4.0,0.3083920254736867,4.0,-4.0
0.8834051458693805,2.0,10.0,7.0,3.0,0.07867770359893345,1.0,-5.0
41.839413396119966,42.0,38.0,26.0,7.0,0.7622703015008717,1.0,-2.0
5.266518544726291,7.0,88.0,76.0,6.0,0.7278545095415335,5.0,-5.0
1.3521298305558798,2.0,90.0,85.0,0.0,0.8553188612355885,5.0,-4.0
20.871705096457664,22.0,67.0,56.0,2.0,0.28255305687349086,1.0,-4.0
26.068331669856228,16.0,48.0,39.0,6.0,0.3734096204623669,5.0,-5.0
3.035181831571239,4.0,33.0,28.0,5.0,0.9294695525646068,2.0,-3.0
7.550221838191428,8.0,96.0,26.0,9.0,0.1247350880471576,3.0,-3.0
6.4530492583793855,4.0,17.0,15.0,4.0,0.47076850118091007,2.0,-5.0
17.48406339204185,19.0,89.0,38.0,10.0,0.4797083221198495,1.0,-4.0
167.6665885121706,96.0,85.0,53.0,4.0,0.6488568699673259,3.0,-5.0
16.364459657937083,16.0,56.0,43.0,9.0,0.6438227195583621,4.0,-5.0
62.4000030918044,29.0,80.0,79.0,3.0,0.2545787631997688,4.0,-3.0
6.2575728768980925,7.0,50.0,21.0,5.0,0.271455344059652,4.0,-5.0
6.483346718501969,7.0,49.0,20.0,1.0,0.11882386563342862,5.0,-4.0
0.5289832413461671,2.0,17.0,16.0,10.0,0.9780838112962444,2.0,-3.0
4.277403867852071,5.0,43.0,22.0,9.0,0.19607733097861424,5.0,-5.0
2.6484252784654543,4.0,11.0,6.0,3.0,0.9813190527880459,2.0,-4.0
2.7975618113985945,4.0,41.0,30.0,7.0,0.9886658896555791,4.0,-2.0
39.19377991083942,40.0,100.0,12.0,1.0,0.6490508453136604,4.0,-1.0
97.92874384049927,98.0,70.0,24.0,5.0,0.2939458593994061,4.0,-1.0
11.980114187688285,12.0,92.0,14.0,5.0,0.04975101473992438,4.0,-1.0
5.487596261448733,7.0,37.0,24.0,9.0,0.6737957889259143,4.0,-1.0
201.6851949819782,37.0,94.0,89.0,2.0,0.3965149637131967,5.0,-4.0
15.984461318631796,14.0,29.0,25.0,5.0,0.8500486055834428,1.0,-4.0
37.62397631406055,25.0,100.0,98.0,7.0,0.25813295426195515,5.0,-5.0
1.2577689848331484,2.0,10.0,6.0,3.0,0.32296486299541394,1.0,-4.0
18.999212444688155,20.0,82.0,52.0,7.0,0.7158025637887687,3.0,-2.0
5.178059393993125,6.0,100.0,83.0,5.0,0.8805138729424731,4.0,-2.0
0.9977088287088759,2.0,52.0,13.0,10.0,0.19862214031276693,1.0,-4.0
5.792814937353673,7.0,81.0,29.0,8.0,0.22913657616937977,1.0,-5.0
20.347232740729908,11.0,23.0,8.0,7.0,0.5790669946970868,2.0,-1.0
46.08710775502738,47.0,93.0,6.0,0.0,0.9775459309030285,2.0,-3.0
26.312552032945444,27.0,70.0,65.0,3.0,0.12874202454880856,2.0,-3.0
3.1362055990697733,4.0,52.0,14.0,8.0,0.27171503027578503,1.0,-3.0
4.054082282761149,5.0,79.0,3.0,0.0,0.42000171754804116,1.0,-2.0
31.816369226413432,33.0,88.0,71.0,8.0,0.2039774397155385,2.0,-3.0
19.265192881249913,20.0,29.0,5.0,1.0,0.7485900114943965,2.0,-1.0
10.997188669987109,12.0,49.0,23.0,10.0,0.4242088552496366,4.0,-5.0
3.8359757100122414,5.0,73.0,18.0,0.0,0.03844779787648345,3.0,-5.0
12.369723282655556,16.0,98.0,91.0,10.0,0.42764964421657925,4.0,-2.0
143.95378156280978,68.0,56.0,52.0,3.0,0.41490324278382995,2.0,-2.0
5.586672252747438,7.0,21.0,10.0,5.0,0.42100256561350713,2.0,-3.0
15.007409702633042,16.0,23.0,9.0,2.0,0.9664362564028524,1.0,-1.0
25.194875383409904,26.0,67.0,19.0,3.0,0.8631436664676193,3.0,-5.0
91.28244486575522,73.0,56.0,43.0,6.0,0.518932933809093,2.0,-3.0
18.455916222569574,20.0,84.0,27.0,6.0,0.46553837064020576,1.0,-3.0
206.51164140093707,197.0,68.0,38.0,3.0,0.7076295072730932,1.0,-3.0
8.716864905768837,10.0,90.0,30.0,8.0,0.21087954642564932,3.0,-4.0
10.186426804967208,11.0,59.0,53.0,8.0,0.9178038210037345,1.0,-4.0
19.31293489164261,20.0,84.0,52.0,2.0,0.9428201028614552,2.0,-4.0
5.449427816451898,5.0,24.0,21.0,1.0,0.16623623906853757,3.0,-5.0
19.249377455101214,20.0,91.0,87.0,1.0,0.06654038097729864,3.0,-5.0
6.316330454727539,7.0,21.0,13.0,8.0,0.40280037933218615,1.0,-2.0
18.333184106301744,19.0,89.0,16.0,8.0,0.28181640587872225,1.0,-1.0
22.004306228344927,20.0,21.0,18.0,1.0,0.04548478989897542,4.0,-1.0
3.752744234375571,5.0,32.0,27.0,4.0,0.7915447898833413,3.0,-5.0
14.174003830412554,15.0,87.0,60.0,4.0,0.1311381326156834,3.0,-5.0
6.030745767541862,7.0,36.0,19.0,3.0,0.22448807558445583,2.0,-4.0
0.9172881395347232,2.0,21.0,20.0,10.0,0.6967233293082189,2.0,-1.0
11.26565682247782,11.0,46.0,10.0,7.0,0.9106169659137153,4.0,-5.0
51.80838129011338,53.0,70.0,33.0,3.0,0.6315633018305672,2.0,-5.0
7.935154554708099,9.0,54.0,30.0,5.0,0.7805017509885842,5.0,-4.0
975.6638112785886,133.0,94.0,58.0,1.0,0.5046122444513985,4.0,-4.0
18.374876027358393,20.0,65.0,39.0,6.0,0.6768719416207798,4.0,-4.0
4.7675718733764265,5.0,88.0,10.0,7.0,0.061791477937546024,5.0,-1.0
14.21922002992986,15.0,88.0,37.0,9.0,0.9483368276587142,4.0,-4.0
17.93409620367338,20.0,65.0,50.0,9.0,0.7090989117830148,2.0,-2.0
1.8924913667270757,3.0,15.0,9.0,0.0,0.6950706623633162,5.0,-1.0
4.3091383835603265,5.0,78.0,60.0,2.0,0.8628615281371677,5.0,-1.0
4.016394041973542,6.0,40.0,34.0,0.0,0.5617346660118715,5.0,-3.0
24.515276726072702,4.0,8.0,5.0,3.0,0.30613940547700824,2.0,-1.0
13.884473220532712,15.0,79.0,47.0,4.0,0.660946547870143,4.0,-1.0
20.713993166065364,22.0,30.0,24.0,3.0,0.3287308595105781,1.0,-2.0
0.37677240700279263,2.0,13.0,12.0,8.0,0.7756870290099686,4.0,-2.0
62.80262441017784,63.0,66.0,24.0,10.0,0.1942698448851321,3.0,-1.0
3.0981507236753885,4.0,23.0,15.0,1.0,0.6545979343126832,5.0,-2.0
5.951106030502791,6.0,34.0,32.0,7.0,0.8340179955519557,1.0,-3.0
2.2705149162207037,1.0,6.0,3.0,2.0,0.7901607735853114,3.0,-5.0
7.347039850957707,8.0,45.0,12.0,5.0,0.9273721247787077,5.0,-2.0
32.71402594519744,34.0,70.0,31.0,0.0,0.8653582007165816,2.0,-4.0
61.95646522164537,62.0,86.0,71.0,10.0,0.005145899453880887,2.0,-1.0
1.7875542348523068,2.0,36.0,12.0,10.0,0.2937176094193218,1.0,-2.0
37.390319005723576,38.0,65.0,46.0,8.0,0.2459235370913585,2.0,-2.0
2.2440531573576887,3.0,47.0,13.0,8.0,0.1286481313506136,3.0,-3.0
3.83327805720056,5.0,43.0,15.0,8.0,0.05796223705965686,1.0,-2.0
71.98879322296085,16.0,27.0,11.0,6.0,0.5861089489734487,2.0,-3.0
11.62648292524213,13.0,59.0,56.0,10.0,0.008703091110555783,1.0,-4.0
11.328485569782409,12.0,93.0,65.0,0.0,0.9245207809176841,3.0,-4.0
5.811144718492306,7.0,32.0,25.0,4.0,0.7348606478929187,2.0,-1.0
224.49238222252097,225.0,100.0,62.0,5.0,0.3730469171477263,1.0,-1.0
8.55087241673691,10.0,62.0,33.0,4.0,0.06761479886170152,5.0,-4.0
16.85438560663497,18.0,49.0,26.0,7.0,0.29089898927116875,1.0,-2.0
7.887546883730207,9.0,35.0,13.0,7.0,0.7578413751271594,4.0,-1.0
30.841587378765134,32.0,93.0,75.0,6.0,0.190690267068521,1.0,-3.0
57.179119468690715,58.0,76.0,32.0,6.0,0.9231705583486227,1.0,-2.0
28.594893950140236,28.0,42.0,35.0,9.0,0.6181493518015129,1.0,-4.0
82.50183009905543,40.0,60.0,41.0,9.0,0.6537872401999867,3.0,-5.0
1.5042288361685927,2.0,18.0,15.0,1.0,0.8742971753919829,3.0,-5.0
31.791684884238855,32.0,39.0,17.0,8.0,0.423001211481141,3.0,-1.0
595.2378896825271,162.0,86.0,31.0,7.0,0.5154000053181355,3.0,-3.0
0.9893864500971807,2.0,16.0,13.0,7.0,0.8064364434555032,4.0,-1.0
142.1635458891352,116.0,36.0,18.0,1.0,0.7088715790615716,1.0,-2.0
6.983358940984949,8.0,60.0,26.0,9.0,0.14141034623653892,1.0,-3.0
27.741071710291884,28.0,79.0,27.0,6.0,0.9748953936823436,2.0,-3.0
7.000416698619972,8.0,44.0,23.0,4.0,0.057175170622469795,2.0,-3.0
16.862568274794448,15.0,54.0,44.0,6.0,0.5103366082598437,5.0,-4.0
18.666802542583415,20.0,96.0,60.0,5.0,0.013398218916550908,1.0,-3.0
13.205717093977563,14.0,77.0,49.0,3.0,0.05740668839240681,5.0,-4.0
123.48171306025971,8.0,24.0,23.0,4.0,0.2637330089161486,5.0,-2.0
117.76985022923019,120.0,77.0,26.0,0.0,0.2866096032231209,4.0,-1.0
12.46591536115043,14.0,71.0,31.0,8.0,0.4309938045676347,1.0,-4.0
2.8130980822156646,4.0,14.0,9.0,7.0,0.657808015110177,1.0,-4.0
11.178464893017614,12.0,39.0,26.0,2.0,0.2647163831823113,3.0,-4.0
11.769589061828027,13.0,62.0,23.0,5.0,0.9237360681095164,4.0,-5.0
4.533063552511012,5.0,27.0,24.0,6.0,0.9154510225396135,1.0,-3.0
12.24791448208787,13.0,70.0,16.0,2.0,0.9343237629826969,5.0,-4.0
5.8061311500871815,7.0,35.0,22.0,2.0,0.17281838259506277,4.0,-5.0
11.307969190142375,12.0,60.0,18.0,0.0,0.9523657946264,4.0,-2.0
87.29107126113699,33.0,27.0,25.0,1.0,0.5750192635082443,1.0,-2.0
10.83745444506305,12.0,39.0,26.0,5.0,0.3062275591888052,5.0,-5.0
67.35794382624906,67.0,84.0,18.0,10.0,0.7449599715003479,2.0,-2.0
11.446280259740243,13.0,48.0,35.0,7.0,0.5706377938703674,5.0,-4.0
29.68569634729628,31.0,81.0,42.0,7.0,0.22762262509134412,5.0,-3.0
9.036445340364152,10.0,54.0,48.0,8.0,0.07168508338495527,3.0,-5.0
3071.5301648967293,36.0,25.0,16.0,5.0,0.2491046807772137,3.0,-1.0
7.903357763958386,9.0,66.0,35.0,2.0,0.8922383488872164,5.0,-5.0
9.023459763895204,10.0,46.0,19.0,4.0,0.2229444065342835,3.0,-3.0
47.899833859912405,50.0,69.0,39.0,9.0,0.32526139480039884,4.0,-1.0
34.14041655797242,35.0,82.0,26.0,1.0,0.9100711535322711,2.0,-2.0
2.986434485346202,3.0,16.0,7.0,5.0,0.8013627134350706,5.0,-5.0
48.683136933949,50.0,99.0,80.0,4.0,0.3597211232345543,1.0,-3.0
18.0302602710858,20.0,65.0,55.0,3.0,0.6506604520056009,3.0,-4.0
11.140238166637976,12.0,28.0,15.0,5.0,0.7917352350448734,2.0,-2.0
134.37024518862432,23.0,53.0,51.0,8.0,0.5359977353027255,2.0,-3.0
48.58879051872599,49.0,83.0,21.0,7.0,0.7586714914976488,2.0,-1.0
239.40053588274284,140.0,44.0,8.0,1.0,0.38345853441424294,2.0,-1.0
12.40948529223818,14.0,86.0,61.0,1.0,0.5735125696336365,5.0,-2.0
3.8993205733441765,4.0,59.0,2.0,0.0,0.09741802642890995,4.0,-1.0
42.46797776042996,43.0,42.0,16.0,5.0,0.8707419988041422,1.0,-2.0
3.4964756748036367,1.0,13.0,10.0,9.0,0.3877139606111615,4.0,-3.0
230.1857581159948,167.0,97.0,62.0,9.0,0.5253418516465898,3.0,-3.0
318.0495823999787,16.0,31.0,13.0,6.0,0.2937992784755551,5.0,-2.0
6.249971327881022,1.0,8.0,5.0,3.0,0.2399997902829677,5.0,-2.0
5.497290906817865,6.0,89.0,70.0,6.0,0.8912495744562388,4.0,-1.0
4.084980671058265,5.0,46.0,16.0,6.0,0.2586680001185343,2.0,-4.0
19.161625270884024,20.0,64.0,51.0,6.0,0.1628890508523665,1.0,-3.0
2.6041836443090887,2.0,13.0,12.0,7.0,0.135001564649325,5.0,-3.0
2.0547777885719247,2.0,11.0,8.0,5.0,0.30799762225529925,2.0,-3.0
13.62184191509054,15.0,49.0,24.0,2.0,0.34623668852690226,1.0,-3.0
9.630443949753717,10.0,36.0,10.0,5.0,0.7832952827452451,4.0,-2.0
18.430786133094642,20.0,77.0,24.0,2.0,0.6343908335295547,1.0,-5.0
23.175455830679578,29.0,76.0,71.0,4.0,0.2431490973599839,4.0,-1.0
3258.6160416465996,79.0,46.0,14.0,7.0,0.2524550299568149,3.0,-1.0
1.1252048660682858,2.0,22.0,5.0,1.0,0.049454644944704085,5.0,-4.0
2.6247280469566165,3.0,42.0,36.0,9.0,0.9107438891124847,3.0,-5.0
2.7899536006303287,4.0,54.0,47.0,6.0,0.9298574713837793,3.0,-4.0
19.106323045088633,20.0,21.0,2.0,0.0,0.9986087976629815,1.0,-3.0
3.6821941054749336,4.0,20.0,14.0,4.0,0.725892651399273,3.0,-2.0
2.776472132520206,3.0,22.0,12.0,8.0,0.18644094506971853,1.0,-2.0
11.668001169018789,13.0,61.0,40.0,7.0,0.1952920138594868,2.0,-4.0
21.558827850939863,21.0,39.0,31.0,10.0,0.592769422058946,2.0,-2.0
8.730809979868482,11.0,61.0,58.0,10.0,0.44787024368939443,2.0,-1.0
70.24677894259595,4.0,9.0,4.0,0.0,0.7061511267639785,2.0,-5.0
1.1572811106192769,2.0,19.0,17.0,9.0,0.7880314301120512,3.0,-3.0
0.3788005065770989,1.0,11.0,10.0,8.0,0.6628445703277424,5.0,-2.0
10.362893210080932,12.0,70.0,47.0,6.0,0.007262657110153392,2.0,-4.0
4255.005316676808,99.0,77.0,19.0,4.0,0.7162330007563656,2.0,-5.0
1.7148970804478942,3.0,41.0,37.0,8.0,0.9046430703880813,3.0,-4.0
1.0353493045242057,3.0,25.0,5.0,4.0,0.17235706576993526,4.0,-2.0
0.5842879870099169,2.0,78.0,76.0,0.0,0.9038282617660751,4.0,-2.0
14.646547019440664,17.0,66.0,19.0,3.0,0.5582274786701518,2.0,-5.0
2.625514239790951,4.0,70.0,58.0,3.0,0.9463166499982241,5.0,-3.0
13.266026225484296,14.0,99.0,66.0,9.0,0.7839367530594413,4.0,-3.0
14.579285756710592,16.0,40.0,19.0,3.0,0.406733296706414,5.0,-1.0
15.127495906672854,16.0,83.0,56.0,3.0,0.05516065780720891,5.0,-4.0
2.3928721241700384,3.0,24.0,20.0,9.0,0.9343262650433014,2.0,-3.0
29.722146257990566,31.0,70.0,53.0,4.0,0.3918996092752065,2.0,-4.0
2.563518626910776,3.0,21.0,12.0,5.0,0.7517999222840085,5.0,-1.0
5.807613600402335,7.0,23.0,10.0,2.0,0.270416314673386,3.0,-3.0
21.438387946733922,23.0,96.0,61.0,8.0,0.6617979198739957,4.0,-3.0
31.81675310941611,24.0,58.0,17.0,4.0,0.3990455805353247,5.0,-4.0
4629.47440519795,22.0,66.0,60.0,5.0,0.5542355112964816,4.0,-5.0
43.50878350984113,44.0,91.0,32.0,8.0,0.5445060032724627,5.0,-3.0
30.309848124180363,31.0,41.0,18.0,3.0,0.9397073181113306,1.0,-3.0
94.40504317347057,20.0,33.0,7.0,6.0,0.42513633850480015,2.0,-1.0
21.042045576892658,17.0,60.0,56.0,4.0,0.16986193027468854,5.0,-4.0
4.618037691194035,6.0,42.0,28.0,9.0,0.1265283385801228,2.0,-5.0
8.188873755107178,1.0,7.0,6.0,2.0,0.5016474771636626,3.0,-4.0
13.423844900044072,14.0,38.0,15.0,9.0,0.952228170235644,2.0,-4.0
30.784520694849864,17.0,39.0,22.0,8.0,0.31815324843460147,5.0,-3.0
38.69899032973593,39.0,97.0,65.0,5.0,0.34495719529432634,5.0,-5.0
41.29800141114222,22.0,62.0,5.0,2.0,0.6257445813782905,4.0,-3.0
4.617581156896255,5.0,18.0,16.0,2.0,0.7165636002967749,1.0,-1.0
6.353597276255842,8.0,65.0,50.0,6.0,0.5601445487702115,5.0,-1.0
101.43614148874313,101.0,63.0,44.0,1.0,0.11521759528920583,4.0,-1.0
1.4766767316456564,2.0,11.0,10.0,1.0,0.9461993811926559,1.0,-5.0
0.827302136991299,2.0,25.0,21.0,10.0,0.9724988250256125,5.0,-1.0
20.172234954820485,21.0,92.0,56.0,6.0,0.8480789007801365,3.0,-5.0
70.5252927808968,36.0,26.0,24.0,2.0,0.5141793101534046,1.0,-1.0
74.78205039106912,60.0,62.0,32.0,8.0,0.3430236836687728,5.0,-2.0
5.084663423211895,6.0,44.0,30.0,8.0,0.9647682742828135,3.0,-4.0
13.039335419429813,11.0,42.0,40.0,3.0,0.16606172444662448,3.0,-4.0
239.82867391305547,9.0,36.0,34.0,3.0,0.4838426325894426,4.0,-4.0
24.431582247886162,25.0,67.0,60.0,0.0,0.10883246618060316,2.0,-3.0
223.37239762135536,1.0,10.0,6.0,5.0,0.2035814631016143,4.0,-1.0
23.03961630329202,12.0,17.0,12.0,0.0,0.8695029171650859,1.0,-5.0
85.01659136405566,86.0,86.0,19.0,7.0,0.6970203666278929,2.0,-2.0
24.309400028021518,25.0,88.0,51.0,5.0,0.9044089937007905,2.0,-3.0
10.580452326052953,12.0,52.0,8.0,0.0,0.3205555226688983,4.0,-3.0
2.7157389995794423,3.0,72.0,11.0,9.0,0.2105920340461216,4.0,-2.0
5.242605681121615,6.0,24.0,10.0,0.0,0.7340855617050644,4.0,-1.0
1.299573172963825,1.0,8.0,7.0,6.0,0.30762914686069853,2.0,-2.0
73.2848474102452,67.0,85.0,33.0,3.0,0.4488298040793116,4.0,-4.0
19.597753313419126,21.0,61.0,41.0,9.0,0.22785996190280378,3.0,-3.0
29.094347486111495,14.0,15.0,9.0,5.0,0.73540854173208,1.0,-2.0
10.18222924036677,9.0,14.0,10.0,7.0,0.3526845188229165,1.0,-1.0
6.545664179561123,1.0,6.0,5.0,4.0,0.35590338939319355,5.0,-3.0
2.738644159608672,4.0,97.0,84.0,1.0,0.9683593067571795,5.0,-3.0
3.3310641598361546,4.0,71.0,58.0,2.0,0.8432366773677099,5.0,-2.0
139.61097183727264,102.0,78.0,59.0,7.0,0.2325052052902199,5.0,-2.0
11.540780530761399,12.0,99.0,52.0,7.0,0.12230929576638971,4.0,-5.0
14.150098040474374,16.0,84.0,63.0,10.0,0.4968177314380783,4.0,-1.0
88.50793897892362,89.0,89.0,20.0,1.0,0.7559182165939509,2.0,-3.0
135.9538845739567,76.0,66.0,42.0,8.0,0.3109329209839998,5.0,-2.0
25.67746989699084,27.0,100.0,56.0,7.0,0.15595889984170608,4.0,-3.0
1.6485819801525257,3.0,26.0,21.0,7.0,0.806581906170951,4.0,-1.0
4.72855480657416,6.0,59.0,22.0,9.0,0.20845760379309553,2.0,-4.0
21.914390106316056,21.0,43.0,25.0,7.0,0.6368963491772174,3.0,-3.0
12.925287028313099,14.0,93.0,28.0,9.0,0.08833555032626972,4.0,-2.0
6.994731642597576,7.0,37.0,36.0,8.0,0.09969872425867832,5.0,-5.0
35.00589622050486,38.0,60.0,7.0,1.0,0.6095334343848292,1.0,-2.0
0.42335535427320353,2.0,6.0,5.0,1.0,0.8936803089517839,3.0,-3.0
39.747818282189414,40.0,62.0,52.0,4.0,0.7505287118654334,1.0,-2.0
22.954875196716664,23.0,51.0,40.0,2.0,0.16807227944853242,5.0,-3.0
12.53695411295256,14.0,48.0,20.0,2.0,0.6466794685173456,4.0,-1.0
485.7182032875368,1.0,7.0,4.0,2.0,0.4994852982690212,4.0,-4.0
8.215375121200813,9.0,97.0,57.0,10.0,0.9836149355611126,5.0,-3.0
7.7652776349722155,9.0,29.0,12.0,5.0,0.5315387892773182,5.0,-1.0
6.779272113342767,7.0,22.0,10.0,7.0,0.9616835898056063,2.0,-4.0
3.106729990462031,4.0,24.0,12.0,8.0,0.4520787659757797,2.0,-4.0
8.008711069888708,9.0,27.0,12.0,0.0,0.9745921127407695,2.0,-3.0
1.1551623232020785,3.0,61.0,59.0,5.0,0.5462716814475137,4.0,-1.0
1.6567165060395115,2.0,65.0,10.0,5.0,0.2202202380583893,4.0,-5.0
433.92814690386183,26.0,79.0,74.0,2.0,0.42600821241598275,5.0,-4.0
4.91246755208013,6.0,34.0,22.0,4.0,0.6885528452974201,4.0,-1.0
2.888964001090677,3.0,26.0,12.0,8.0,0.3269275768714204,4.0,-4.0
8.541540748209435,7.0,18.0,15.0,1.0,0.3934919079063727,2.0,-4.0
19.743424543467302,21.0,85.0,39.0,1.0,0.8883149374510823,3.0,-3.0
319.5724014718629,79.0,52.0,11.0,5.0,0.5320741088804644,2.0,-2.0
12.788992648475084,14.0,64.0,15.0,0.0,0.8701577585492596,5.0,-4.0
19.637816623799615,20.0,47.0,16.0,10.0,0.8595289655305542,2.0,-1.0
12.201349343596238,13.0,41.0,16.0,0.0,0.3840956608342263,3.0,-4.0
10.598251009572426,12.0,77.0,54.0,3.0,0.020876138966111957,4.0,-5.0
0.732695122924977,1.0,3.0,2.0,0.0,0.15879396193879358,4.0,-4.0
0.7156992761087104,2.0,21.0,4.0,2.0,0.2756912772648571,3.0,-5.0
5.368250450308073,3.0,13.0,11.0,10.0,0.6862804295843932,1.0,-1.0
6.433613032843979,7.0,57.0,39.0,1.0,0.9595611644066536,3.0,-2.0
41.029831954493645,35.0,88.0,86.0,4.0,0.40029083184670833,1.0,-4.0
251.75020232258385,54.0,49.0,12.0,10.0,0.38232369449113623,2.0,-1.0
91.36037327097057,33.0,32.0,10.0,5.0,0.2481609240687952,4.0,-1.0
62.30076718101411,29.0,60.0,27.0,8.0,0.5529688501332879,5.0,-5.0
2.0322702590399984,3.0,38.0,11.0,5.0,0.006805251887942898,4.0,-3.0
9.268483387989814,11.0,80.0,26.0,8.0,0.4368478138455353,2.0,-5.0
5.801276567751378,7.0,49.0,35.0,8.0,0.7413261949589574,5.0,-5.0
53.1064640519764,34.0,48.0,13.0,3.0,0.5227219258650612,4.0,-3.0
1.913982325014726,3.0,24.0,14.0,8.0,0.23314685162036197,3.0,-5.0
29.777316656697906,30.0,99.0,96.0,10.0,0.01398694687850699,5.0,-3.0
46.401186042655546,26.0,90.0,4.0,3.0,0.6853400900592114,5.0,-5.0
1.15209556986016,2.0,20.0,8.0,6.0,0.04400548410482452,4.0,-2.0
88.64374411247303,23.0,28.0,7.0,2.0,0.4473806701426212,3.0,-2.0
14.837604396529622,16.0,38.0,13.0,0.0,0.9369816222603599,2.0,-3.0
12.066875843752303,13.0,37.0,13.0,9.0,0.997228949538462,2.0,-2.0
16.544782864856078,18.0,67.0,40.0,10.0,0.7368815980007851,4.0,-5.0
0.7024789690821497,1.0,9.0,7.0,6.0,0.6411767203539145,5.0,-1.0
48.715141744324846,44.0,54.0,40.0,0.0,0.5969857227496862,2.0,-5.0
11.204243910942326,12.0,75.0,37.0,0.0,0.21220998607651542,3.0,-5.0
40.21088755095928,17.0,64.0,63.0,7.0,0.36073423540072036,5.0,-5.0
60.30224683603153,31.0,54.0,49.0,7.0,0.3471526083530396,4.0,-2.0
3.6869977586345875,3.0,12.0,9.0,5.0,0.31918441227543504,3.0,-3.0
26.52928308773863,26.0,50.0,25.0,3.0,0.3963409606318762,4.0,-4.0
53.353395366105,57.0,77.0,28.0,4.0,0.7583615349585073,1.0,-5.0
4.445318478124772,4.0,12.0,3.0,2.0,0.629174039875847,2.0,-4.0
13.973882324824407,15.0,76.0,36.0,8.0,0.9828103696434862,3.0,-5.0
14.186914995509097,16.0,83.0,31.0,2.0,0.4926438081713558,1.0,-5.0
25.273493811040158,27.0,41.0,31.0,0.0,0.5546836995963071,1.0,-4.0
43.95453525817542,30.0,38.0,7.0,3.0,0.7410548414079027,2.0,-3.0
20.503516936740077,19.0,36.0,24.0,4.0,0.5749367983920137,2.0,-5.0
6.906177028162886,8.0,52.0,37.0,7.0,0.7929921626259758,3.0,-1.0
11.877130276952183,13.0,99.0,60.0,7.0,0.053764261533380764,5.0,-5.0
1.645084819443778,3.0,9.0,6.0,0.0,0.1352771644912103,5.0,-5.0
2.708074674647248,4.0,32.0,9.0,2.0,0.20216253553897423,3.0,-4.0
5.269387951638827,6.0,50.0,38.0,8.0,0.808589370027055,4.0,-5.0
4.476296466751062,6.0,48.0,26.0,1.0,0.9914777241277721,5.0,-5.0
14.442996686794462,16.0,59.0,38.0,7.0,0.4934274123636163,5.0,-2.0
2.6167779545905927,3.0,14.0,11.0,5.0,0.176775971813519,1.0,-3.0
112.34957377114706,109.0,89.0,47.0,7.0,0.7289721989890127,2.0,-4.0
8.602677080726577,9.0,57.0,26.0,0.0,0.9504411782096928,4.0,-4.0
167.11062329895685,41.0,41.0,4.0,1.0,0.7455119549841049,1.0,-3.0
5.21436419627203,6.0,49.0,14.0,2.0,0.08733309689560742,5.0,-3.0
6.097595875951845,7.0,44.0,29.0,6.0,0.15350269868840605,3.0,-5.0
109.38387234247425,107.0,64.0,23.0,0.0,0.1579462684809907,4.0,-1.0
3.293053784212136,4.0,86.0,78.0,9.0,0.7382260015690371,4.0,-2.0
7.1676997930084765,8.0,77.0,43.0,8.0,0.011698299165100012,5.0,-5.0
95.97523563520333,96.0,90.0,84.0,0.0,0.06238711244596762,1.0,-1.0
11.815791725113199,13.0,83.0,21.0,0.0,0.07423916262372976,1.0,-2.0
96.59455864917497,98.0,99.0,32.0,5.0,0.7822701418812826,2.0,-4.0
151.69868149702597,97.0,38.0,11.0,4.0,0.39266146928800505,2.0,-1.0
0.7504279580343384,4.0,47.0,46.0,7.0,0.6332572952931268,5.0,-5.0
7.468344120057947,8.0,59.0,19.0,3.0,0.23220302012750826,4.0,-4.0
15.326852582543262,13.0,45.0,12.0,10.0,0.5255139884099647,5.0,-1.0
90.65810910343522,64.0,56.0,12.0,0.0,0.41422332106698945,4.0,-2.0
16.32741854108762,17.0,43.0,33.0,4.0,0.03197808532034552,5.0,-2.0
5.6280161107976605,6.0,75.0,52.0,8.0,0.8477829353246171,5.0,-1.0
2.8046077884464005,4.0,38.0,31.0,2.0,0.8991785324733493,3.0,-2.0
12.458020996643793,14.0,54.0,19.0,9.0,0.6870621403492239,5.0,-2.0
14.6144841496196,8.0,16.0,13.0,2.0,0.4494644095900392,2.0,-3.0
9.021502797001425,10.0,66.0,57.0,0.0,0.9995232990005042,1.0,-4.0
23.52242383444513,25.0,96.0,41.0,2.0,0.6676388826857255,4.0,-1.0
9.169079023512852,4.0,20.0,12.0,8.0,0.6960710944045914,3.0,-4.0
0.6777675017645172,1.0,3.0,2.0,1.0,0.6188580513954175,3.0,-1.0
97.77468631475007,54.0,87.0,13.0,2.0,0.5285380123414947,5.0,-4.0
164.03666898965383,141.0,63.0,6.0,1.0,0.7824944271120972,1.0,-2.0
4.070346975907966,5.0,20.0,12.0,2.0,0.8706793010322987,3.0,-5.0
63.47708866092093,66.0,78.0,41.0,5.0,0.3165774952208188,4.0,-1.0
5.351280230933735,6.0,43.0,31.0,1.0,0.7489220064342873,4.0,-3.0
13.081191531869454,14.0,65.0,8.0,1.0,0.8929002040975142,5.0,-1.0
226.00151426830857,15.0,49.0,41.0,10.0,0.5594886658790271,4.0,-5.0
20.999906468408895,13.0,63.0,10.0,8.0,0.488095185072558,4.0,-4.0
9.393229546745859,11.0,15.0,10.0,0.0,0.5107660957684915,2.0,-1.0
8.780789246090267,10.0,60.0,25.0,3.0,0.2989060918459985,1.0,-4.0
37.934270598436406,38.0,82.0,52.0,2.0,0.8954208098209295,1.0,-1.0
18.99867312558985,20.0,64.0,37.0,1.0,0.03504360958923003,1.0,-2.0
0.604971447359251,2.0,40.0,38.0,0.0,0.9008487351475514,4.0,-3.0
1.0021450788566062,2.0,96.0,11.0,8.0,0.3344035770045658,1.0,-5.0
8.570410451572874,10.0,89.0,52.0,2.0,0.8861965773414742,5.0,-1.0
79.74163522442595,82.0,56.0,38.0,1.0,0.4085763350991426,2.0,-1.0
17.91070614078673,20.0,61.0,55.0,10.0,0.3337487918236881,3.0,-1.0
5.387796893071084,13.0,39.0,38.0,6.0,0.1976007701554241,5.0,-1.0
6.168192724688413,6.0,23.0,17.0,5.0,0.38181693699417074,3.0,-5.0
9.378922155778545,10.0,98.0,67.0,0.0,0.9007548367515354,4.0,-3.0
541.8572133599156,46.0,48.0,36.0,5.0,0.49046489270738036,3.0,-3.0
234.62087322771373,147.0,97.0,47.0,7.0,0.5470731693039717,3.0,-4.0
5.010253190666568,6.0,30.0,6.0,4.0,0.9790177080213988,5.0,-5.0
1.9852127560126511,3.0,28.0,12.0,3.0,0.0666401247537014,2.0,-5.0
83.32115788303122,84.0,78.0,64.0,9.0,0.1699517781713339,1.0,-1.0
39.17101123730187,40.0,99.0,58.0,4.0,0.10357158566036395,4.0,-2.0
66.31118626912202,19.0,12.0,6.0,0.0,0.6968274903907825,1.0,-2.0
5.327799562190594,6.0,87.0,73.0,2.0,0.6046210803221895,5.0,-1.0
647.039867132469,35.0,85.0,12.0,7.0,0.3891026858830815,5.0,-3.0
19.584976161049543,20.0,83.0,59.0,2.0,0.014934308733368207,3.0,-3.0
93.38084296974914,86.0,94.0,88.0,3.0,0.6179498121953432,1.0,-4.0
29.485338720261357,31.0,53.0,22.0,4.0,0.8418949967762442,2.0,-4.0
3.750040213844346,4.0,12.0,9.0,6.0,0.8999957105692683,1.0,-1.0
27.30416135524815,29.0,99.0,76.0,10.0,0.25827860397801927,5.0,-5.0
22.440957816140806,24.0,93.0,32.0,6.0,0.31571157517221415,5.0,-4.0
0.8625961573889769,2.0,8.0,7.0,4.0,0.7197636813913538,2.0,-1.0
5.546589270539694,6.0,22.0,8.0,3.0,0.9405092101906658,3.0,-5.0
0.2460774657055097,2.0,55.0,54.0,8.0,0.8439601611718603,5.0,-1.0
931.5758717013026,159.0,53.0,36.0,8.0,0.7545621619549231,1.0,-3.0
100.21230819452471,54.0,50.0,13.0,6.0,0.47384322478268504,3.0,-2.0
32.414066088669685,33.0,79.0,15.0,0.0,0.710635922357755,4.0,-3.0
24.067275002781308,25.0,81.0,44.0,7.0,0.7074714523827408,3.0,-2.0
100.66976569668637,27.0,98.0,96.0,6.0,0.41059877871260164,5.0,-5.0
15.879540850174228,17.0,52.0,38.0,2.0,0.7763275164199271,2.0,-3.0
21.911574655028794,22.0,69.0,46.0,8.0,0.06643919254704445,2.0,-2.0
73.45244275302494,75.0,96.0,25.0,10.0,0.4916529571342134,3.0,-1.0
14.311300085572356,15.0,69.0,52.0,7.0,0.20618128696337867,4.0,-5.0
0.6935175522098931,2.0,8.0,6.0,5.0,0.18602514249591284,1.0,-2.0
22.90647735795739,23.0,48.0,27.0,7.0,0.16098350269188766,5.0,-2.0
135.37533672188854,136.0,96.0,28.0,4.0,0.8755767882958204,1.0,-3.0
212.71511348746344,200.0,100.0,29.0,10.0,0.888963293702984,1.0,-5.0
5.239004077925861,4.0,17.0,14.0,3.0,0.36254553736778783,3.0,-5.0
74.49952255880909,53.0,35.0,21.0,2.0,0.12416080142213526,5.0,-1.0
114.29848115931519,99.0,82.0,11.0,2.0,0.2701967679708075,5.0,-1.0
19.19304461214009,6.0,14.0,11.0,5.0,0.7374773505584951,1.0,-4.0
0.26993567907962546,2.0,8.0,7.0,0.0,0.9577980330137519,4.0,-3.0
1.453127988360641,1.0,7.0,6.0,5.0,0.5268815182547939,4.0,-3.0
4.819544364641315,6.0,52.0,47.0,10.0,0.8624917811342915,2.0,-5.0
6.400850124675544,7.0,40.0,21.0,3.0,0.7936711414864788,4.0,-1.0
7.487558294002908,8.0,88.0,40.0,5.0,0.03255789637013007,5.0,-5.0
10.4592928919723,12.0,67.0,48.0,7.0,0.6020707995779386,5.0,-3.0
3.9120504923586865,5.0,89.0,82.0,3.0,0.9297809860134244,2.0,-1.0
6.115407874003943,7.0,92.0,25.0,2.0,0.02987600185731354,4.0,-4.0
30.176925632458104,30.0,37.0,21.0,2.0,0.7060412859472371,2.0,-3.0
11.821051076658676,2.0,14.0,13.0,8.0,0.5110036811498964,3.0,-4.0
125.85208811647723,122.0,89.0,31.0,1.0,0.5768097439727824,3.0,-3.0
39.03130317841963,40.0,38.0,22.0,0.0,0.2181749236063968,1.0,-1.0
23.729002357487467,24.0,72.0,50.0,2.0,0.963567740197432,1.0,-1.0
2.374745468165966,3.0,27.0,23.0,4.0,0.7105488805864124,4.0,-4.0
8005.848372627848,53.0,46.0,15.0,7.0,0.1673120282106514,5.0,-1.0
132.18385932421444,124.0,60.0,54.0,1.0,0.19968111015731993,2.0,-1.0
25.512682415877098,25.0,72.0,14.0,8.0,0.6104827342314006,5.0,-2.0
60.712479741518976,30.0,46.0,10.0,6.0,0.598826469047958,3.0,-3.0
181.91632747646358,182.0,100.0,74.0,4.0,0.30760385565430726,1.0,-1.0
38.81818730885044,40.0,95.0,66.0,1.0,0.33221816699020734,3.0,-4.0
3.8890963285112172,5.0,67.0,56.0,5.0,0.7656841112089864,4.0,-1.0
17.285525941319072,18.0,92.0,83.0,3.0,0.05312148547548545,2.0,-5.0
10.281368004043346,11.0,61.0,21.0,7.0,0.9781065707261763,4.0,-1.0
6.7330600268593175,8.0,67.0,52.0,10.0,0.6919792443746472,5.0,-4.0
33.62234186347213,34.0,83.0,72.0,7.0,0.013352334207171412,3.0,-2.0
27.374996503377737,21.0,44.0,42.0,0.0,0.49315064573748735,1.0,-4.0
23.18950381648913,25.0,95.0,48.0,6.0,0.6283473784731229,5.0,-3.0
2.5059611959390704,4.0,31.0,25.0,4.0,0.77061298074385,4.0,-3.0
1.5308834516232197,1.0,7.0,6.0,5.0,0.2933478011552999,5.0,-3.0
2.6950328660963963,4.0,59.0,11.0,8.0,0.17736820669312792,3.0,-2.0
9.545258886784547,11.0,82.0,14.0,10.0,0.5115633987594763,3.0,-4.0
11.713484358109731,3.0,19.0,16.0,8.0,0.5426858469020646,3.0,-3.0
13.42609178742936,6.0,18.0,12.0,10.0,0.9078151718186239,1.0,-5.0
10.13132252871631,11.0,40.0,14.0,4.0,0.7951855309018904,4.0,-3.0
2.6759905136253868,3.0,26.0,21.0,6.0,0.652051890258181,5.0,-4.0
14.551760823727149,16.0,89.0,42.0,8.0,0.08293912492911315,5.0,-3.0
22.404584644077783,24.0,92.0,39.0,1.0,0.7275978766694783,4.0,-2.0
3.7327428864676846,5.0,18.0,7.0,6.0,0.9911491064599487,3.0,-3.0
2.4809168236206527,2.0,12.0,11.0,7.0,0.2775385646212519,2.0,-3.0
2.931672251701084,4.0,99.0,92.0,10.0,0.6268165352647791,5.0,-2.0
16.128936903470354,14.0,46.0,39.0,8.0,0.23088762634421822,5.0,-4.0
36.42880980128413,31.0,66.0,23.0,9.0,0.5769610986593827,3.0,-5.0
2.1108136204763803,3.0,33.0,28.0,1.0,0.8737509699100361,3.0,-2.0
46.813522281514295,43.0,62.0,3.0,0.0,0.5650799017279773,3.0,-1.0
12.323654638923518,14.0,55.0,36.0,1.0,0.5902917405143445,4.0,-2.0
38.09731803188167,39.0,42.0,15.0,1.0,0.8543556527706898,1.0,-1.0
54.66441671621868,31.0,92.0,91.0,3.0,0.29877220574574703,4.0,-4.0
3.531026142585863,4.0,23.0,17.0,10.0,0.9248056908753189,2.0,-2.0
85.57877081922032,74.0,39.0,36.0,8.0,0.33640802659372027,1.0,-1.0
2.4813479784509176,3.0,17.0,15.0,9.0,0.11639189246276171,2.0,-3.0
6.904899653024125,8.0,57.0,31.0,0.0,0.8236345888223803,5.0,-2.0
19.590928909408923,20.0,95.0,65.0,5.0,0.9330458509557008,2.0,-5.0
5.553163877368361,6.0,24.0,11.0,8.0,0.8901679681193648,3.0,-3.0
7.290766685623669,8.0,55.0,32.0,5.0,0.8792392975889952,4.0,-3.0
62.781534602726495,55.0,74.0,56.0,2.0,0.5174843101922701,3.0,-5.0
5.657459230119526,7.0,35.0,28.0,4.0,0.10825899997583632,2.0,-5.0
39.743676577807975,9.0,14.0,10.0,2.0,0.4496775293024411,2.0,-2.0
36.43777779738851,37.0,87.0,76.0,5.0,0.15021040449207101,4.0,-3.0
12.37706852588334,15.0,78.0,19.0,6.0,0.4937088144820605,3.0,-5.0
1.559782910253111,2.0,82.0,78.0,3.0,0.8205574293148675,4.0,-4.0
11.08254786142861,13.0,75.0,52.0,8.0,0.6344168810230064,5.0,-3.0
19.339638624631302,20.0,96.0,26.0,6.0,0.8466121337554465,5.0,-4.0
31.34162689332467,32.0,99.0,13.0,3.0,0.6777077941409645,5.0,-2.0
1.1327134040686035,2.0,32.0,29.0,3.0,0.608084591274997,5.0,-1.0
6.938729959636717,9.0,27.0,8.0,1.0,0.6651949746634783,1.0,-5.0
17.049734434981932,14.0,39.0,6.0,3.0,0.8479305739825315,3.0,-4.0
2.4306055927713324,4.0,20.0,17.0,7.0,0.808565076222368,2.0,-2.0
11.090569021588731,12.0,83.0,52.0,5.0,0.9487919181526187,3.0,-1.0
43.18591638918715,46.0,67.0,42.0,9.0,0.429815404690048,4.0,-2.0
123.35277146258225,81.0,57.0,40.0,5.0,0.28604348922064704,4.0,-2.0
37.45132577450641,23.0,69.0,67.0,9.0,0.18141539785127803,5.0,-3.0
20.435734014093,22.0,72.0,34.0,8.0,0.7621653215326656,4.0,-5.0
15.624026387787323,17.0,75.0,60.0,10.0,0.7085799746374222,3.0,-4.0
54.483124938067135,54.0,94.0,47.0,7.0,0.47398085789464495,4.0,-5.0
1.0853593870131553,1.0,5.0,3.0,0.0,0.17656265540159377,3.0,-4.0
3.2461390434334185,4.0,92.0,78.0,7.0,0.9018308393307365,5.0,-2.0
0.7074886980430641,1.0,7.0,5.0,4.0,0.09775830983448186,4.0,-2.0
19.814280531021225,8.0,35.0,12.0,8.0,0.684530995847449,4.0,-5.0
2.434332207235727,3.0,35.0,10.0,1.0,0.2171479188934099,1.0,-5.0
0.6876679075706644,2.0,10.0,9.0,4.0,0.556773787352662,5.0,-3.0
100.98887163549199,64.0,65.0,5.0,4.0,0.9188249735407744,1.0,-4.0
1.6612482936281683,2.0,11.0,5.0,0.0,0.2487768897056326,3.0,-5.0
5.003795563830129,6.0,55.0,13.0,5.0,0.10030341478037708,2.0,-2.0
4.489090627299385,5.0,27.0,14.0,10.0,0.6493182427989407,5.0,-1.0
22.857509622843146,23.0,56.0,40.0,10.0,0.46094013250453336,3.0,-5.0
10.894876845826861,12.0,81.0,39.0,8.0,0.8568778655594389,5.0,-3.0
8.306801677076528,9.0,39.0,28.0,6.0,0.8648432074731152,2.0,-3.0
7.551111436072109,9.0,79.0,60.0,0.0,0.9193643139126926,3.0,-3.0
25.746928180785645,27.0,91.0,32.0,9.0,0.613076500320589,5.0,-2.0
54.056353272899614,48.0,46.0,43.0,4.0,0.06963267202325274,3.0,-1.0
331.76350114282064,323.0,82.0,34.0,4.0,0.3031913799070126,2.0,-1.0
17.190198124363473,18.0,58.0,32.0,4.0,0.9303556913397599,2.0,-5.0
32.98115011576005,33.0,49.0,26.0,6.0,0.06559883484049578,5.0,-1.0
158.50662564159006,74.0,52.0,43.0,4.0,0.3507907005878915,3.0,-2.0
24.539393400373086,25.0,99.0,66.0,1.0,0.724129419593411,3.0,-3.0
17.16250034217377,17.0,66.0,62.0,4.0,0.23150557616366996,2.0,-5.0
7.201062292269466,5.0,24.0,18.0,10.0,0.47915130012208684,5.0,-3.0
0.6516065036095954,1.0,9.0,7.0,6.0,0.7586671344056833,5.0,-3.0
16.204019754984326,8.0,22.0,5.0,1.0,0.7561402992671836,3.0,-5.0
21.268982008877135,22.0,87.0,67.0,7.0,0.3112843591737924,2.0,-5.0
8.477743352290462,10.0,47.0,40.0,7.0,0.45642285656444137,3.0,-1.0
5.703384773644726,6.0,68.0,14.0,10.0,0.05973241649471195,4.0,-1.0
4.055025948864914,5.0,38.0,26.0,1.0,0.994184365325668,3.0,-4.0
15.487736726119447,16.0,20.0,12.0,7.0,0.7582688530115675,1.0,-1.0
15.86754924776055,13.0,38.0,31.0,7.0,0.43593488646815437,3.0,-5.0
101.56721588091683,71.0,35.0,13.0,7.0,0.7388684423058783,1.0,-2.0
123.49478927561535,50.0,48.0,41.0,0.0,0.444667031107825,3.0,-3.0
25.348894466684968,24.0,80.0,68.0,8.0,0.26330328693878313,5.0,-5.0
7.7865802779662685,9.0,68.0,48.0,2.0,0.8409468496658157,4.0,-5.0
19.402298476437878,21.0,98.0,35.0,6.0,0.43816646559157957,3.0,-5.0
2.499436783892609,4.0,79.0,75.0,2.0,0.7667267565888999,3.0,-3.0
22.596393468026434,24.0,67.0,42.0,6.0,0.2813650811051819,2.0,-3.0
1.1655296540096052,2.0,16.0,12.0,6.0,0.9188451590275928,4.0,-3.0
6.5621551908505875,8.0,87.0,65.0,4.0,0.7254261839330349,5.0,-1.0
7.22854065083926,9.0,56.0,13.0,2.0,0.5797090650489076,1.0,-5.0
63.86174272155736,59.0,35.0,27.0,0.0,0.14430291576240606,3.0,-1.0
1.1900868621767369,1.0,9.0,8.0,5.0,0.9733791333195829,1.0,-5.0
7.902346868083839,9.0,56.0,27.0,10.0,0.952827983239941,4.0,-3.0
13.63624602340269,14.0,55.0,31.0,7.0,0.9400037950109383,2.0,-2.0
7.615732502116882,9.0,51.0,36.0,10.0,0.49493449898681396,5.0,-1.0
22.54192250168012,23.0,92.0,88.0,5.0,0.18828164980278894,2.0,-5.0
26.175156664261742,24.0,71.0,10.0,8.0,0.6660908110879532,4.0,-1.0
663.6237313408384,87.0,70.0,29.0,9.0,0.7099803485758864,2.0,-5.0
1.4843550408588504,1.0,3.0,2.0,1.0,0.667670467016089,3.0,-4.0
7.480411174041124,8.0,65.0,49.0,7.0,0.7341314081680421,4.0,-3.0
225.74753721768906,14.0,38.0,10.0,2.0,0.44050690917896895,5.0,-4.0
2.8818471264641583,8.0,76.0,7.0,6.0,0.4058889256277898,5.0,-4.0
14.758800123202263,8.0,18.0,12.0,7.0,0.9010895189075185,1.0,-5.0
52.64801703808691,49.0,45.0,36.0,6.0,0.3575444922346399,2.0,-2.0
41.706763704226745,41.0,80.0,32.0,7.0,0.5723213847689422,5.0,-4.0
5.19328062606883,6.0,86.0,73.0,0.0,0.7861763782867424,4.0,-3.0
12.116883657145738,12.0,38.0,12.0,6.0,0.7682207811810889,4.0,-4.0
6.767498676030236,8.0,73.0,18.0,7.0,0.05351201325660426,5.0,-2.0
89.75724600854474,65.0,93.0,78.0,2.0,0.350363522625157,5.0,-4.0
2.8839522299333193,4.0,41.0,34.0,5.0,0.8034030837675252,4.0,-4.0
4.141737086497991,5.0,19.0,14.0,8.0,0.1378331196130289,2.0,-2.0
8.388173713876395,5.0,18.0,2.0,1.0,0.7010639118795737,4.0,-3.0
304.4956027343465,61.0,81.0,78.0,9.0,0.5546791484800533,2.0,-3.0
10.80476227712173,11.0,51.0,19.0,9.0,0.8702071269508352,4.0,-4.0
69.73222624526015,66.0,90.0,25.0,9.0,0.7045910242241389,3.0,-4.0
135.4891934594123,136.0,84.0,33.0,8.0,0.8441034459978496,1.0,-3.0
3.0831249921599233,3.0,28.0,9.0,7.0,0.22521791985481188,4.0,-2.0
3.010103372298914,4.0,28.0,16.0,4.0,0.0022376578806544423,2.0,-4.0
6.586979508053723,7.0,74.0,28.0,10.0,0.05346725375441408,2.0,-3.0
149.53599372514284,150.0,96.0,17.0,6.0,0.7641504497746786,1.0,-1.0
10.59817529410173,11.0,45.0,26.0,8.0,0.9309204799488514,2.0,-1.0
10.164200672115982,10.0,24.0,14.0,7.0,0.7967690391519632,2.0,-3.0
39.09750311927478,38.0,50.0,43.0,1.0,0.18515252049794295,3.0,-2.0
8.555523519498065,10.0,56.0,27.0,0.0,0.7316038469944575,5.0,-1.0
190.3786147844532,182.0,71.0,66.0,8.0,0.3476719665555198,1.0,-1.0
11.381637619934947,12.0,70.0,28.0,6.0,0.938030877497575,4.0,-1.0
27.154088542683006,26.0,71.0,8.0,1.0,0.8133436226820522,4.0,-5.0
4.126984764802107,5.0,44.0,21.0,5.0,0.1403846902810406,3.0,-5.0
22.746537306098453,24.0,79.0,22.0,0.0,0.8764689789148482,3.0,-1.0
51.97981725542724,54.0,74.0,62.0,9.0,0.41028627797998574,2.0,-1.0
7.947337066234438,9.0,91.0,61.0,7.0,0.954969866006059,4.0,-1.0
10.272465210156675,11.0,63.0,37.0,6.0,0.9413797524265776,3.0,-5.0
1.038544782754367,2.0,88.0,11.0,8.0,0.15876323846642726,3.0,-4.0
5.636537879223635,3.0,9.0,4.0,1.0,0.6541188168091243,4.0,-5.0
60.662392901633794,16.0,33.0,10.0,5.0,0.33987822697262327,5.0,-2.0
4.66420004776922,6.0,37.0,10.0,7.0,0.19382898401578663,5.0,-2.0
27.323226170843938,25.0,85.0,13.0,9.0,0.662160105889429,5.0,-2.0
2.6403412519165244,4.0,44.0,15.0,9.0,0.21594580834746147,4.0,-4.0
7.675174078394875,8.0,41.0,31.0,6.0,0.7676340148926551,2.0,-1.0
1.1787098047081064,3.0,51.0,4.0,1.0,0.30685553517741004,3.0,-5.0
26.18853673148089,18.0,48.0,47.0,5.0,0.279248974995137,2.0,-3.0
16.933312378517567,18.0,81.0,43.0,3.0,0.8740162108724877,3.0,-3.0
11.20618457061632,12.0,50.0,35.0,8.0,0.1767351290128314,5.0,-4.0
45.06723350699522,46.0,56.0,21.0,2.0,0.31568153391509657,3.0,-2.0
0.5674127587409566,2.0,14.0,6.0,5.0,0.20626908877324746,3.0,-3.0
35.53520270948421,23.0,45.0,23.0,10.0,0.5191665125252971,3.0,-4.0
2.786010255489776,4.0,26.0,19.0,7.0,0.7512553565158866,5.0,-5.0
135.08268824922962,124.0,89.0,64.0,8.0,0.26423985100558167,4.0,-2.0
22.690801616905198,24.0,79.0,53.0,7.0,0.7351198229319331,3.0,-4.0
22.122578906581136,24.0,61.0,27.0,2.0,0.5739865672481532,1.0,-4.0
0.6273832429714802,1.0,14.0,13.0,10.0,0.027279222148356208,3.0,-5.0
26.803254193507076,27.0,81.0,53.0,0.0,0.6305811590910425,4.0,-4.0
0.48609494327778097,1.0,11.0,9.0,7.0,0.8893028197623863,5.0,-3.0
58.286644645601044,48.0,71.0,15.0,3.0,0.745096122234552,3.0,-5.0
8.144119362130859,9.0,36.0,17.0,9.0,0.5022120157460025,3.0,-5.0
2.5341201559812707,4.0,34.0,22.0,6.0,0.9705968173642027,5.0,-4.0
21.086766137724226,22.0,70.0,31.0,10.0,0.7123753085854758,3.0,-1.0
22.968537489662676,24.0,75.0,50.0,5.0,0.4343997428143178,2.0,-5.0
13.243829063651063,14.0,59.0,52.0,2.0,0.0320938285435709,3.0,-4.0
10.473851409919044,12.0,58.0,19.0,8.0,0.3249609182351859,3.0,-3.0
274.03646874922197,235.0,72.0,32.0,9.0,0.7864914934338585,1.0,-3.0
3.8880499412984615,4.0,34.0,10.0,6.0,0.371400828809051,4.0,-4.0
27.58865638035035,30.0,86.0,27.0,8.0,0.32782778782285593,2.0,-2.0
21.370453169431837,22.0,87.0,48.0,3.0,0.9416498672379637,2.0,-1.0
2.4303561752003104,1.0,10.0,9.0,6.0,0.35312260559893127,2.0,-3.0
66.47492433599015,47.0,79.0,76.0,0.0,0.6427852914484806,1.0,-5.0
36.1843292801749,37.0,37.0,30.0,7.0,0.18218286123377847,1.0,-1.0
17.468910320890636,16.0,28.0,9.0,4.0,0.6175293095102603,3.0,-2.0
23.74570553395986,22.0,72.0,3.0,1.0,0.6509647635816354,5.0,-1.0
12.668921751846053,14.0,65.0,44.0,5.0,0.24020008604602527,3.0,-5.0
2.3287458280463915,3.0,43.0,11.0,2.0,0.18920979613375621,1.0,-5.0
10.783673692419812,12.0,50.0,31.0,1.0,0.6904806873318994,3.0,-1.0
11.18271787596985,4.0,22.0,12.0,9.0,0.5563195703394719,4.0,-3.0
3.139105580019556,4.0,66.0,58.0,4.0,0.6497852332260362,5.0,-2.0
10.629926093808088,12.0,89.0,62.0,9.0,0.5899998074889008,5.0,-1.0
4.171006538559068,5.0,26.0,6.0,1.0,0.47515607282746797,3.0,-5.0
3.1453804279273596,4.0,18.0,14.0,4.0,0.1641468668647198,1.0,-4.0
5.417312101528955,6.0,52.0,20.0,9.0,0.16157878686444838,3.0,-3.0
15.931604958599046,11.0,25.0,7.0,0.0,0.7662287089622799,3.0,-5.0
6.520546188303347,8.0,30.0,29.0,10.0,0.02153341716670587,1.0,-3.0
17.617254539795535,19.0,35.0,23.0,0.0,0.5362300802647002,3.0,-2.0
39.52906482478694,35.0,27.0,12.0,6.0,0.4598225387360556,2.0,-1.0
5.176278646761255,6.0,40.0,20.0,9.0,0.8863779631050928,5.0,-5.0
0.4562084074339456,1.0,11.0,9.0,7.0,0.06844874515685018,4.0,-5.0
9.234329136137493,10.0,85.0,42.0,3.0,0.0862920855785837,4.0,-5.0
1.0139242214314315,2.0,44.0,42.0,9.0,0.7431334999514196,3.0,-1.0
2.120534317960403,4.0,16.0,12.0,5.0,0.8143861719285391,3.0,-3.0
3.176528116187919,4.0,91.0,87.0,10.0,0.8765394089443955,2.0,-4.0
55.97336169294987,49.0,79.0,17.0,7.0,0.586809965426335,4.0,-3.0
0.27876476537846623,1.0,6.0,3.0,2.0,0.17659325881700583,3.0,-5.0
15.755272677348305,16.0,100.0,87.0,3.0,0.970853432860505,1.0,-5.0
12.463062579444657,11.0,33.0,12.0,2.0,0.6316643447265551,5.0,-4.0
1.619745996793002,3.0,71.0,4.0,1.0,0.029571549373813344,3.0,-2.0
4.727840143159347,6.0,40.0,11.0,2.0,0.019276467584379398,3.0,-2.0
196.8863793546459,163.0,55.0,20.0,0.0,0.7246046424522153,1.0,-3.0
10.73777768325888,12.0,91.0,45.0,6.0,0.8977057764371748,5.0,-2.0
3.1550665304353624,5.0,48.0,42.0,1.0,0.6557447958746485,5.0,-4.0
9.140056947577376,10.0,90.0,71.0,5.0,0.8848452081449566,3.0,-5.0
35.94056130790352,37.0,64.0,9.0,3.0,0.8825761062050053,2.0,-2.0
13.683531728364448,15.0,59.0,10.0,3.0,0.9476183577156146,4.0,-4.0
7.553077330125843,8.0,50.0,17.0,0.0,0.18731543922519456,1.0,-3.0
5.578885484662602,6.0,33.0,18.0,8.0,0.9481181782406122,3.0,-3.0
3615.113154028465,108.0,39.0,13.0,1.0,0.25179800734390756,3.0,-1.0
1.0088222718270428,2.0,92.0,89.0,10.0,0.994752927999261,3.0,-2.0
97.741306745064,79.0,100.0,29.0,6.0,0.6362674792201866,4.0,-5.0
1.3098628644270074,1.0,11.0,10.0,8.0,0.5788537672765093,1.0,-5.0
13.935407943949517,16.0,50.0,44.0,1.0,0.48611158028717893,3.0,-2.0
12.048413618901664,9.0,29.0,27.0,3.0,0.12600456417817762,5.0,-3.0
23.22218313070715,24.0,61.0,34.0,8.0,0.6325362766112835,3.0,-2.0
5.7429253384895596,8.0,31.0,16.0,10.0,0.6592060478368779,1.0,-5.0
196.5614232227241,43.0,41.0,11.0,9.0,0.38420801584246933,2.0,-1.0
115.90312556273913,116.0,74.0,37.0,2.0,0.863846423157884,1.0,-4.0
369.8762037063959,368.0,68.0,36.0,4.0,0.5432577166080699,1.0,-1.0
63.288461140611844,28.0,25.0,10.0,3.0,0.24740200576744498,4.0,-1.0
10.828195060253151,12.0,82.0,51.0,6.0,0.1406971221950517,1.0,-5.0
29.104150143704366,30.0,89.0,45.0,6.0,0.7519686469841702,3.0,-3.0
10.449900668029708,10.0,23.0,5.0,0.0,0.7870840685766671,3.0,-3.0
29.47961924589529,31.0,35.0,21.0,1.0,0.5803912964989806,1.0,-3.0
1.1982118461691276,1.0,8.0,7.0,3.0,0.9724294933316895,1.0,-5.0
5.4914092127681835,7.0,51.0,18.0,9.0,0.09026910710487923,2.0,-2.0
9148.587448592041,209.0,55.0,39.0,1.0,0.74896158832679,1.0,-3.0
10.460097243308638,11.0,58.0,38.0,1.0,0.6520046855968774,4.0,-2.0
44.93836464966531,5.0,12.0,10.0,3.0,0.7688462183500835,1.0,-4.0
160.1749282641275,74.0,32.0,17.0,2.0,0.773411903727007,1.0,-3.0
4.050553342887235,5.0,34.0,24.0,6.0,0.9241140708258322,3.0,-4.0
5.395828982946977,6.0,28.0,20.0,9.0,0.42305547396584364,2.0,-5.0
13.566567704843415,14.0,73.0,21.0,6.0,0.3157234715227587,3.0,-3.0
257.28934883222587,18.0,25.0,6.0,0.0,0.6789744698502784,2.0,-4.0
38.54624738625005,40.0,73.0,28.0,5.0,0.46777138667109786,1.0,-2.0
143.4405051974786,144.0,56.0,18.0,3.0,0.6324590984522968,1.0,-1.0
5.115857812756262,7.0,97.0,84.0,8.0,0.8379020353272878,4.0,-5.0
29.763826664447787,26.0,32.0,12.0,3.0,0.5343913215560386,3.0,-2.0
3.3547089199361775,5.0,33.0,15.0,5.0,0.002730778110879295,4.0,-3.0
39.99548598625393,13.0,37.0,35.0,8.0,0.38748730290346745,3.0,-3.0
14.7274720169253,16.0,85.0,43.0,10.0,0.6419688768460761,5.0,-1.0
7.882593476780644,6.0,15.0,7.0,4.0,0.7699024331514548,1.0,-5.0
36.37874385175831,25.0,41.0,16.0,1.0,0.4609018115835508,5.0,-3.0
1.9229178134328204,2.0,13.0,7.0,6.0,0.9022509067606722,4.0,-5.0
10.480003115678736,12.0,99.0,29.0,10.0,0.27337792996961496,4.0,-4.0
18.398041365004538,17.0,46.0,18.0,9.0,0.41846958215600083,3.0,-3.0
1.4578550300553517,1.0,9.0,7.0,6.0,0.6245540741870477,4.0,-3.0
2.301246689635181,3.0,40.0,8.0,0.0,0.0654529327498865,4.0,-4.0
1.6788609739180163,3.0,43.0,36.0,4.0,0.8961866935938013,5.0,-3.0
7.182595723334831,4.0,11.0,10.0,5.0,0.5696127165246958,1.0,-1.0
50.405296370836176,51.0,100.0,55.0,3.0,0.9642544417616425,1.0,-2.0
29.805185034099296,7.0,25.0,18.0,10.0,0.5330843322785835,3.0,-4.0
36.125203903198745,33.0,61.0,51.0,10.0,0.5521511870222092,2.0,-5.0
10.564568464222784,12.0,43.0,25.0,6.0,0.633756483717327,5.0,-4.0
1.766193712721105,5.0,77.0,76.0,4.0,0.6523127586092904,3.0,-4.0
46.912731107041665,47.0,92.0,77.0,0.0,0.16983181275380332,5.0,-3.0
6.028763612751918,7.0,30.0,15.0,3.0,0.926867477396723,3.0,-4.0
33.107951559002004,19.0,46.0,29.0,5.0,0.42750986131766755,5.0,-5.0
78.37164694446598,79.0,68.0,42.0,6.0,0.6658763150557724,1.0,-1.0
13.646103107935977,14.0,67.0,57.0,10.0,0.91093664667252,1.0,-2.0
63.02114356856599,65.0,94.0,69.0,7.0,0.6693671983473689,1.0,-5.0
3.955251855413414,5.0,83.0,76.0,9.0,0.9232662677278353,2.0,-1.0
7.901139806138695,9.0,70.0,42.0,10.0,0.9087585003430958,4.0,-1.0
86.958303247898,42.0,66.0,8.0,2.0,0.5238551907452791,4.0,-3.0
7.669004033945187,5.0,22.0,5.0,3.0,0.7216715485446764,5.0,-5.0
7.7135182574432966,7.0,25.0,9.0,4.0,0.7592850542708011,4.0,-4.0
3.9886735162131655,5.0,51.0,13.0,5.0,0.49905344606915936,1.0,-5.0
5.751009731593875,7.0,33.0,15.0,4.0,0.7922094619530665,5.0,-4.0
1.5680232767673405,2.0,16.0,11.0,9.0,0.3892155329185064,3.0,-4.0
7.104908486556188,8.0,43.0,25.0,4.0,0.0055371131849214494,5.0,-3.0
38.690468526971884,40.0,95.0,76.0,5.0,0.02748711890757405,4.0,-2.0
53.0074369854388,55.0,69.0,46.0,7.0,0.5660635459005812,1.0,-3.0
26.16459051431908,28.0,81.0,61.0,2.0,0.35287837192830984,4.0,-1.0
0.535288023253033,1.0,6.0,5.0,4.0,0.5525933053287665,5.0,-2.0
7.344125466047023,8.0,77.0,55.0,9.0,0.7991183048739907,4.0,-1.0
37.542884975241385,39.0,99.0,72.0,2.0,0.5730591830099173,2.0,-1.0
6.544536618015199,8.0,68.0,58.0,6.0,0.5039988659608059,5.0,-2.0
15.700417543848026,16.0,51.0,46.0,1.0,0.30483345541312346,2.0,-5.0
6.957485628134178,8.0,64.0,28.0,3.0,0.06779131292999474,2.0,-4.0
1686.4010199167692,246.0,58.0,46.0,9.0,0.3260199285217411,2.0,-1.0
205.58639186456614,75.0,79.0,34.0,9.0,0.3597995775807056,5.0,-3.0
0.6854120966289274,2.0,10.0,7.0,5.0,0.020511853439474592,1.0,-3.0
168.42672808329286,171.0,91.0,59.0,3.0,0.6668778010514073,1.0,-3.0
7.91563056096278,9.0,47.0,17.0,0.0,0.973746212777253,4.0,-4.0
4.33287075648904,5.0,29.0,17.0,6.0,0.942381603006992,3.0,-1.0
41.1262826417707,19.0,69.0,4.0,2.0,0.5725622273175667,5.0,-3.0
0.6470211352728915,2.0,24.0,21.0,1.0,0.9480905284790166,5.0,-2.0
48.731799021974425,47.0,79.0,52.0,10.0,0.6942566264273996,3.0,-5.0
23.726750256508495,3.0,14.0,10.0,6.0,0.45265515538824463,4.0,-3.0
0.21897234824965225,1.0,10.0,9.0,7.0,0.9458483331305669,5.0,-3.0
4.589347287064886,7.0,38.0,29.0,9.0,0.7451328979113919,4.0,-4.0
15.192294009605192,7.0,24.0,4.0,1.0,0.7018285424275343,4.0,-5.0
5.652190533084895,6.0,40.0,16.0,2.0,0.8743568934178958,5.0,-1.0
5.959967774285783,7.0,82.0,62.0,10.0,0.7259538070627883,5.0,-1.0
46.05796357573381,50.0,56.0,47.0,2.0,0.2390811894459952,4.0,-1.0
4.088171199297103,5.0,64.0,12.0,2.0,0.25898641419748836,2.0,-4.0
1.9910130231297571,3.0,25.0,19.0,2.0,0.8903934792265445,4.0,-5.0
31.18890353204015,32.0,71.0,32.0,4.0,0.8750741213667844,2.0,-4.0
6.680708454685231,5.0,23.0,10.0,9.0,0.7432376762168652,4.0,-4.0
9.958364737973744,11.0,28.0,17.0,5.0,0.8209198053984554,2.0,-3.0
1.6858022242898576,3.0,74.0,16.0,8.0,0.03635497817070521,2.0,-5.0
81.14098597147041,46.0,82.0,16.0,10.0,0.7266748798554252,3.0,-5.0
72.05532207037902,75.0,95.0,51.0,3.0,0.2684403195020617,5.0,-1.0
47.86624091874059,48.0,81.0,21.0,4.0,0.23497766253357144,5.0,-2.0
6.27792610391366,8.0,35.0,25.0,2.0,0.432147119778032,5.0,-1.0
14.463956199521146,16.0,63.0,27.0,8.0,0.7209939544694006,5.0,-4.0
109.10071901290456,59.0,53.0,37.0,3.0,0.6911089131595725,2.0,-4.0
2.6405470458932885,3.0,11.0,4.0,3.0,0.7650965833343796,5.0,-5.0
175.3553540698657,175.0,88.0,44.0,5.0,0.8127297641315094,1.0,-3.0
1.6582313209884871,3.0,30.0,14.0,8.0,0.23028116121304643,1.0,-5.0
2.4399674496967427,3.0,39.0,38.0,2.0,0.7049207664889725,1.0,-1.0
15.097537664870382,16.0,50.0,41.0,6.0,0.44695686169805526,1.0,-5.0
28.696484393775457,30.0,66.0,16.0,8.0,0.5484747421593251,4.0,-1.0
3.3974225059942786,5.0,44.0,32.0,8.0,0.790298484842035,5.0,-2.0
10.24086448723938,11.0,47.0,25.0,6.0,0.024114646706585252,4.0,-2.0
13.352648327295643,14.0,51.0,19.0,3.0,0.20043395872089642,2.0,-2.0
437.55354038906177,22.0,48.0,47.0,0.0,0.37851691477198024,3.0,-2.0
2.541632315624047,9.0,83.0,82.0,1.0,0.42418099255804775,5.0,-3.0
0.8579998718143559,3.0,98.0,96.0,8.0,0.7331002679255338,5.0,-5.0
0.2633087544161381,1.0,6.0,4.0,3.0,0.028882452238896628,3.0,-4.0
1.2222808155395062,2.0,10.0,7.0,5.0,0.3939524678545039,2.0,-4.0
181.00006296506854,148.0,57.0,36.0,3.0,0.4544199053588607,2.0,-2.0
16.687403317070846,18.0,69.0,19.0,1.0,0.8745340051562359,4.0,-4.0
7.154490416646517,5.0,17.0,5.0,3.0,0.620075880472061,2.0,-4.0
37.408975798488434,39.0,46.0,35.0,2.0,0.279464691991558,2.0,-2.0
0.560277811637347,1.0,7.0,3.0,1.0,0.05379278849290148,4.0,-4.0
2.165468503211176,4.0,20.0,14.0,5.0,0.681537571008807,5.0,-2.0
14.801339641656291,16.0,33.0,10.0,1.0,0.9256522332531502,2.0,-4.0
262.97995458654424,136.0,83.0,62.0,2.0,0.6816922469056452,2.0,-5.0
2.5293325525423342,3.0,16.0,7.0,6.0,0.9509167740694515,4.0,-5.0
39.37913696693925,40.0,51.0,40.0,5.0,0.03706816438203264,2.0,-1.0
7.135697169425158,8.0,63.0,21.0,6.0,0.2711275508024721,3.0,-4.0
3.2639935083591025,4.0,8.0,5.0,0.0,0.41135570137241506,2.0,-4.0
7.734997170382951,9.0,71.0,26.0,6.0,0.08286988192886902,2.0,-3.0
8.483302941758906,10.0,43.0,12.0,5.0,0.8317796324855243,5.0,-3.0
29.83901592524311,16.0,64.0,3.0,2.0,0.5777576203912055,5.0,-2.0
1.2170874654764774,1.0,11.0,10.0,9.0,0.5643267272674622,3.0,-2.0
40.171081040311655,41.0,91.0,35.0,0.0,0.5656729441087401,4.0,-2.0
21.44826875055435,22.0,63.0,30.0,0.0,0.7564309531909351,3.0,-3.0
2.184374495503879,4.0,28.0,23.0,6.0,0.7555692559842353,4.0,-3.0
11.34604804049441,13.0,46.0,32.0,4.0,0.7056516352659175,3.0,-3.0
11.37894934313053,12.0,76.0,39.0,5.0,0.14457520292534376,3.0,-4.0
29.07007905190467,13.0,18.0,4.0,1.0,0.2963189675198542,4.0,-1.0
52.72432778046659,53.0,69.0,28.0,8.0,0.9444074098522208,1.0,-3.0
41.30543390729666,5.0,19.0,14.0,7.0,0.26150439598780717,5.0,-2.0
3.9701577476215735,6.0,78.0,16.0,8.0,0.37312083963185694,3.0,-5.0
26.23496777444459,27.0,43.0,18.0,6.0,0.9764633258736538,1.0,-1.0
0.3616030430407308,2.0,35.0,34.0,0.0,0.6807804932767356,5.0,-2.0
21.525058075146855,11.0,37.0,24.0,7.0,0.5603947267162545,5.0,-5.0
11.234635232046465,12.0,51.0,34.0,8.0,0.33714563111340246,1.0,-4.0
27.158753791379837,26.0,72.0,69.0,3.0,0.42830738536471225,1.0,-5.0
10.158104467065781,14.0,90.0,83.0,9.0,0.6148508238371823,3.0,-3.0
8.364497740705623,10.0,56.0,37.0,8.0,0.6589381483053215,5.0,-3.0
3.576636325733307,4.0,35.0,19.0,6.0,0.22755000247638868,1.0,-5.0
39.703961998686744,36.0,63.0,18.0,7.0,0.5904840212941412,4.0,-3.0
21.45498422811072,20.0,80.0,75.0,7.0,0.0922859215005718,5.0,-4.0
23.89001534662733,23.0,29.0,19.0,6.0,0.8837169826382029,1.0,-4.0
64.95816478164247,30.0,58.0,51.0,2.0,0.4439659521599799,4.0,-3.0
5.710555608009045,4.0,19.0,5.0,4.0,0.7168444808566442,5.0,-4.0
12.266947769621177,3.0,10.0,4.0,3.0,0.5489119226125578,5.0,-5.0
72.28870274487446,70.0,61.0,50.0,5.0,0.675499218297452,1.0,-4.0
27.828764328889946,29.0,99.0,73.0,3.0,0.12115425632345878,1.0,-3.0
21.949834140935742,23.0,76.0,7.0,2.0,0.8287063451774991,4.0,-1.0
1.2439278185108191,2.0,20.0,12.0,7.0,0.14006773824524865,2.0,-5.0
39.556992899013444,43.0,67.0,13.0,0.0,0.7342720512998134,1.0,-4.0
0.3433064447547312,2.0,12.0,10.0,9.0,0.21743010346663838,1.0,-4.0
11.675942634148948,13.0,76.0,46.0,8.0,0.5948976161213483,5.0,-1.0
37.613782359247644,34.0,99.0,97.0,4.0,0.10550040880355549,2.0,-3.0
5.484691955016197,6.0,28.0,4.0,2.0,0.8959692478885116,5.0,-1.0
2.2098483872143557,3.0,36.0,33.0,8.0,0.6715118392155108,3.0,-2.0
18.55431900140124,3.0,12.0,8.0,3.0,0.4663151204874294,4.0,-4.0
1.7992299738766644,2.0,8.0,3.0,1.0,0.48605167008676275,3.0,-5.0
5.569666693086638,7.0,94.0,15.0,10.0,0.35038003542156115,3.0,-3.0
65.11311961598717,8.0,20.0,6.0,3.0,0.36916840539092266,4.0,-2.0
56.42757819321114,42.0,72.0,17.0,10.0,0.4249572429477074,5.0,-2.0
1.498328703866681,2.0,21.0,7.0,2.0,0.2078685665654767,3.0,-5.0
18.674116398509472,19.0,57.0,6.0,2.0,0.9462105827301227,3.0,-2.0
7.525196714966142,8.0,25.0,8.0,4.0,0.15615081122310137,2.0,-1.0
24.732910131801987,26.0,74.0,19.0,1.0,0.6529697157901371,5.0,-3.0
122.29322844636911,125.0,90.0,46.0,10.0,0.27195819516580333,4.0,-1.0
8.815092155375696,6.0,21.0,8.0,7.0,0.6477596985114865,2.0,-4.0
1.5657629298046556,3.0,26.0,14.0,8.0,0.02400032362237625,3.0,-4.0
28.474639841826463,29.0,76.0,16.0,5.0,0.7767845382179853,3.0,-1.0
5.815659101674085,2.0,9.0,6.0,4.0,0.30316973356077304,4.0,-1.0
32.887157947059556,35.0,82.0,37.0,0.0,0.4811878939512726,5.0,-2.0
1.6590123967285528,2.0,8.0,5.0,4.0,0.9616609503239124,2.0,-3.0
16.959445712332514,18.0,76.0,53.0,4.0,0.027688657531296235,1.0,-3.0
693.8366211110098,463.0,94.0,52.0,2.0,0.18558738513399964,4.0,-1.0
55.00811491122117,51.0,99.0,9.0,6.0,0.9272244473211017,2.0,-3.0
9.03505622537664,10.0,31.0,13.0,3.0,0.9974133180430997,2.0,-1.0
433.5932057703718,79.0,70.0,27.0,1.0,0.6175044950964449,3.0,-5.0
4.767859110912445,6.0,60.0,25.0,4.0,0.0661674928938647,4.0,-5.0
9.534693754443918,10.0,52.0,18.0,5.0,0.9517694115084052,4.0,-5.0
9.587285791300937,11.0,79.0,28.0,3.0,0.2784759619310848,1.0,-4.0
112.03352696216282,90.0,67.0,29.0,6.0,0.3898640300369397,4.0,-2.0
5.15070574334158,5.0,23.0,13.0,5.0,0.7426851896200632,4.0,-4.0
5.369811941392269,6.0,33.0,13.0,3.0,0.9449050439116293,4.0,-1.0
62.476566336189094,63.0,72.0,33.0,8.0,0.11996999365978622,4.0,-1.0
17.909650575006317,14.0,26.0,23.0,9.0,0.3045746350359063,2.0,-2.0
103.2830418970385,37.0,32.0,28.0,1.0,0.1230970746276755,5.0,-1.0
3.7452898235043572,5.0,14.0,6.0,0.0,0.8272032540603033,3.0,-2.0
33.508927982990016,24.0,74.0,4.0,1.0,0.787666167441617,4.0,-5.0
29.527712468577313,30.0,72.0,14.0,2.0,0.5742002639352349,3.0,-5.0
11.366493871328672,14.0,69.0,57.0,7.0,0.436533503468839,5.0,-2.0
41.51553059818363,38.0,56.0,31.0,6.0,0.34254510252021275,4.0,-3.0
43.174191065078936,45.0,80.0,37.0,0.0,0.4994956736282089,5.0,-3.0
2.93656620594402,4.0,54.0,47.0,1.0,0.5639560805083061,5.0,-1.0
33.462564229759025,30.0,83.0,6.0,3.0,0.9001541264838366,3.0,-4.0
154.0170786608914,76.0,37.0,28.0,4.0,0.7110432813544623,1.0,-3.0
9.089558978322497,11.0,27.0,19.0,3.0,0.31335511838508034,5.0,-1.0
6.153285647774175,6.0,33.0,10.0,6.0,0.873784045086868,5.0,-5.0
3.5296410862401415,1.0,13.0,11.0,9.0,0.30417126872344236,5.0,-3.0
8.87548745947969,10.0,95.0,26.0,9.0,0.34743537415809356,2.0,-4.0
7.122879735637977,8.0,75.0,53.0,9.0,0.7876264909156393,5.0,-4.0
5.963118728437327,7.0,67.0,38.0,9.0,0.015197000080906187,4.0,-5.0
1.4959415190788021,1.0,7.0,5.0,1.0,0.16576233520953476,4.0,-4.0
24.90323818296434,26.0,46.0,13.0,6.0,0.8312822187776211,2.0,-2.0
20.68840560548973,20.0,27.0,22.0,7.0,0.05499124208953343,4.0,-1.0
0.6178079380238588,2.0,10.0,8.0,7.0,0.47627479724568333,1.0,-4.0
4.33544696638815,5.0,32.0,6.0,3.0,0.46160596481708127,2.0,-3.0
10.265232009529338,10.0,39.0,6.0,4.0,0.8878192770281791,4.0,-3.0
9.803010109345632,11.0,94.0,20.0,6.0,0.5102667468776001,2.0,-5.0
51.071332992652486,53.0,88.0,20.0,0.0,0.5154844107865552,3.0,-4.0
3.16265186326692,4.0,45.0,16.0,7.0,0.038571712197301156,1.0,-3.0
16.945707366057963,18.0,88.0,36.0,8.0,0.46953282745713354,1.0,-4.0
32.60626521091559,35.0,90.0,32.0,2.0,0.3849914280049279,4.0,-4.0
20.848072103745494,22.0,52.0,34.0,2.0,0.46584729646016265,3.0,-1.0
33.708271902568114,35.0,78.0,43.0,10.0,0.3403372709683381,1.0,-2.0
44.23153152313153,49.0,85.0,74.0,0.0,0.24973827322369513,4.0,-1.0
0.7069887954521765,2.0,69.0,10.0,9.0,0.2265072038254421,4.0,-3.0
1.987594346980754,3.0,93.0,14.0,5.0,0.06741615175785542,2.0,-5.0
29.61963881246833,29.0,70.0,66.0,6.0,0.1623861599625408,3.0,-3.0
30.31334301883934,31.0,98.0,83.0,5.0,0.7474157995486954,1.0,-1.0
18.57050766523649,11.0,27.0,13.0,7.0,0.6256472561437442,3.0,-3.0
4.030805072730841,3.0,8.0,6.0,1.0,0.29325883581644996,3.0,-3.0
21.47563755592664,23.0,100.0,39.0,2.0,0.4554235011310377,1.0,-4.0
19.09071653334418,19.0,38.0,32.0,4.0,0.08888642331213092,4.0,-2.0
1.8281020477171859,2.0,15.0,9.0,8.0,0.7852615611292328,5.0,-3.0
3.61738119885927,4.0,19.0,17.0,1.0,0.8509620533062882,1.0,-2.0
2.57016354407498,4.0,17.0,8.0,3.0,0.9003445380546135,4.0,-1.0
19.823371009178523,21.0,89.0,52.0,1.0,0.053409893198877345,5.0,-3.0
130.887905889044,42.0,48.0,39.0,4.0,0.45543260247223794,3.0,-3.0
18.94432591351191,19.0,39.0,3.0,0.0,0.9750762862235606,2.0,-2.0
13.49657749694667,15.0,38.0,20.0,1.0,0.5184471395907834,1.0,-4.0
6.858504418340782,7.0,87.0,28.0,3.0,0.13548904432946285,5.0,-5.0
14.26956137217152,15.0,85.0,74.0,1.0,0.9236238758642384,1.0,-2.0
3.106037790693754,4.0,24.0,16.0,5.0,0.8939071688027617,3.0,-1.0
10.176683946069643,12.0,47.0,21.0,0.0,0.2936459448747011,5.0,-5.0
5.255870775253836,6.0,18.0,12.0,2.0,0.535395144618554,3.0,-1.0
3.0132388253547946,4.0,38.0,21.0,7.0,0.0442295727525196,3.0,-5.0
8.901960441230882,10.0,72.0,15.0,0.0,0.46299558172545785,1.0,-4.0
9.746004902101827,11.0,65.0,36.0,6.0,0.3203026043090028,1.0,-5.0
15.761893839792112,17.0,36.0,25.0,6.0,0.5659618933233699,2.0,-1.0
9.224962540119478,10.0,26.0,18.0,9.0,0.9336060967840194,1.0,-1.0
15.964853796997534,17.0,59.0,33.0,10.0,0.3118670763608804,2.0,-3.0
0.5392203566117433,3.0,66.0,65.0,1.0,0.6854529391812323,5.0,-5.0
0.39812495202709514,2.0,57.0,56.0,4.0,0.7235304714452069,5.0,-4.0
5.561731043200691,7.0,85.0,28.0,1.0,0.020770902587245232,2.0,-5.0
346.697941546942,113.0,56.0,43.0,4.0,0.8145850247307571,1.0,-5.0
12.857502353462687,9.0,24.0,5.0,3.0,0.41295607650790567,5.0,-1.0
9.53921564824821,1.0,5.0,3.0,1.0,0.5349434739316903,3.0,-3.0
3.4011645711540486,6.0,62.0,59.0,5.0,0.3136751367185422,5.0,-1.0
13.594246508148736,10.0,48.0,45.0,7.0,0.27558747484439616,3.0,-5.0
1602.2635504642567,317.0,75.0,53.0,1.0,0.19350918268284478,4.0,-1.0
3.761024154497646,2.0,9.0,8.0,3.0,0.6094121463775135,3.0,-4.0
154.6813855456766,152.0,75.0,65.0,2.0,0.5309037245006307,1.0,-2.0
52.88249426678842,53.0,90.0,30.0,7.0,0.5168238701480878,5.0,-3.0
46.65425252698969,48.0,86.0,37.0,7.0,0.5125698481164889,3.0,-1.0
6.373834227692887,6.0,24.0,3.0,2.0,0.7157866900261197,5.0,-1.0
16.883759518160716,18.0,88.0,59.0,1.0,0.08067802047444861,3.0,-4.0
2.292812711712332,4.0,52.0,46.0,7.0,0.6028121899759709,5.0,-1.0
14.201611017552707,15.0,51.0,42.0,8.0,0.3211810834985248,1.0,-4.0
3.535109553426877,4.0,88.0,73.0,7.0,0.9243149971253153,5.0,-5.0
22.164291403444782,27.0,51.0,46.0,5.0,0.24511761652098563,4.0,-1.0
7.778617467552464,9.0,49.0,20.0,2.0,0.8410211168785761,5.0,-3.0
288.7829870536003,285.0,70.0,57.0,8.0,0.41516120720971483,1.0,-1.0
0.41887317140875957,1.0,12.0,11.0,10.0,0.6734196853181081,5.0,-3.0
0.771577963229627,1.0,12.0,9.0,6.0,0.8764595475431458,5.0,-4.0
16.51676227738626,17.0,98.0,44.0,8.0,0.1640792136448075,2.0,-3.0
6.163052065419355,7.0,53.0,30.0,0.0,0.8188453141133968,5.0,-2.0
3.5258174549016794,5.0,84.0,77.0,10.0,0.8308925324664037,3.0,-3.0
2.943999172093667,4.0,23.0,10.0,8.0,0.9165374444796883,5.0,-2.0
30.68211521680552,32.0,66.0,53.0,6.0,0.5780271630128861,1.0,-5.0
6.710847834168671,8.0,57.0,22.0,5.0,0.11669700982327769,1.0,-3.0
1.0653245316392106,1.0,9.0,8.0,7.0,0.6598534552201253,4.0,-5.0
1.2216475675815301,3.0,36.0,1.0,0.0,0.16877618781428816,5.0,-2.0
35.27499597671282,36.0,89.0,81.0,7.0,0.22554919603072443,1.0,-3.0
53.386251054946,53.0,69.0,8.0,1.0,0.8285232575601452,2.0,-3.0
5.7459982606181175,7.0,67.0,52.0,3.0,0.7684187417530474,4.0,-2.0
6.661803238947866,8.0,34.0,29.0,10.0,0.036979841699708804,1.0,-3.0
137.09648812392498,141.0,86.0,45.0,0.0,0.2598118895108955,4.0,-1.0
27.38086716800166,29.0,68.0,49.0,8.0,0.5005208071137047,1.0,-4.0
22.165856553423176,23.0,80.0,31.0,8.0,0.8026517764145765,3.0,-1.0
15.946871499140377,14.0,32.0,27.0,9.0,0.4627082246228613,3.0,-2.0
2.6549482216897085,4.0,8.0,3.0,0.0,0.9610919664587423,2.0,-1.0
2.6874585647218088,4.0,50.0,21.0,9.0,0.0668518597121992,3.0,-5.0
1.061210893394238,2.0,59.0,55.0,8.0,0.8241827230301536,5.0,-2.0
5.277341256130334,7.0,25.0,15.0,5.0,0.5175177387419069,1.0,-5.0
16.295957767430888,18.0,63.0,23.0,9.0,0.267611405541468,5.0,-3.0
4.032642359417002,5.0,28.0,15.0,9.0,0.1707139335090604,1.0,-2.0
0.8020746014380773,2.0,24.0,1.0,0.0,0.15064663605927608,3.0,-2.0
21.282356222053146,22.0,72.0,61.0,4.0,0.2643450245331801,1.0,-4.0
4.1632159199557455,6.0,83.0,71.0,2.0,0.7882387133100596,5.0,-5.0
10.077937438444055,11.0,72.0,48.0,10.0,0.1365985767082949,4.0,-5.0
6.8943508831958935,9.0,74.0,14.0,7.0,0.44274177642610735,4.0,-5.0
51.389916994213095,53.0,97.0,22.0,10.0,0.8648575653880001,2.0,-2.0
6.998418711481605,8.0,19.0,6.0,2.0,0.9762604129099478,2.0,-4.0
9.637334765811254,11.0,48.0,34.0,6.0,0.01577206976125667,3.0,-3.0
463.47595048671815,243.0,68.0,24.0,5.0,0.7397513560412103,1.0,-3.0
48.033716004393064,47.0,51.0,33.0,0.0,0.5521637620923676,2.0,-4.0
5.352198461665502,4.0,20.0,13.0,5.0,0.5897637526406035,5.0,-4.0
1.4445833114356679,2.0,15.0,13.0,7.0,0.5961205705769131,3.0,-1.0
114.11679853667152,100.0,83.0,51.0,6.0,0.32577349373666586,5.0,-2.0
42.208571170255524,43.0,36.0,29.0,5.0,0.21569755461287854,1.0,-1.0
22.45557611340794,24.0,95.0,41.0,8.0,0.2186331179052028,4.0,-3.0
16.048111310570995,17.0,40.0,23.0,8.0,0.17755176180639398,4.0,-2.0
3.5670403401543522,4.0,15.0,6.0,3.0,0.43179332365665457,2.0,-3.0
31.537642725938806,32.0,55.0,25.0,0.0,0.975622104364285,1.0,-1.0
69.47209505519648,70.0,67.0,43.0,3.0,0.07070487565734251,5.0,-1.0
701.7243843787243,44.0,56.0,51.0,3.0,0.6014250609245756,2.0,-3.0
19.410146332424485,20.0,47.0,33.0,6.0,0.26816248971380563,3.0,-3.0
2.133699731872918,3.0,32.0,26.0,10.0,0.9765021297498432,3.0,-5.0
11.644912279162662,13.0,64.0,37.0,7.0,0.7197681893564459,4.0,-2.0
16.61576538770519,17.0,48.0,29.0,7.0,0.22531875628032827,1.0,-2.0
10.183065971304256,11.0,100.0,18.0,2.0,0.061251997818341786,5.0,-2.0
8.334853815881674,10.0,44.0,32.0,2.0,0.4879474617091558,4.0,-1.0
43.23367589898102,5.0,29.0,11.0,10.0,0.48804887336323677,4.0,-3.0
63.63330759114395,58.0,58.0,55.0,2.0,0.02785047640842686,5.0,-1.0
4.7332840353687855,6.0,22.0,11.0,1.0,0.1478836566297862,3.0,-3.0
105.82001784674078,77.0,85.0,79.0,4.0,0.2152082351302338,4.0,-2.0
12.99306467875627,14.0,83.0,37.0,3.0,0.7914786095210388,5.0,-2.0
22.054911612771175,23.0,77.0,34.0,8.0,0.3035207118751697,3.0,-3.0
13.010903367555466,12.0,44.0,34.0,10.0,0.35059925149780824,4.0,-5.0
45.491464297607386,46.0,72.0,9.0,2.0,0.8769750368458176,2.0,-3.0
22.240756975573365,24.0,70.0,50.0,7.0,0.4832083280106402,4.0,-2.0
40.5215898119896,43.0,82.0,34.0,1.0,0.697603219447904,1.0,-5.0
6.566370526154943,15.0,89.0,88.0,5.0,0.39403639148934777,5.0,-3.0
8.395793544444855,9.0,98.0,18.0,2.0,0.2188567545092499,2.0,-3.0
4.068442050555203,5.0,75.0,21.0,10.0,0.21604372290785212,2.0,-4.0
15.757164880308054,18.0,73.0,22.0,4.0,0.4822078151690945,3.0,-5.0
4.582662454571416,6.0,24.0,18.0,1.0,0.05807321972659285,1.0,-4.0
56.55668292001943,58.0,93.0,27.0,5.0,0.5417427109955113,3.0,-1.0
5.111619892101639,6.0,41.0,16.0,2.0,0.2826427752963281,3.0,-5.0
0.5393233784883941,1.0,11.0,8.0,6.0,0.12916497230185642,5.0,-5.0
3.486271930290811,5.0,31.0,24.0,2.0,0.8015751002771656,3.0,-2.0
0.320533954599548,2.0,48.0,47.0,5.0,0.8119794285910608,5.0,-5.0
11.537142175015338,13.0,43.0,19.0,8.0,0.4093115290921623,2.0,-3.0
8.046353662151295,11.0,53.0,46.0,5.0,0.6449932125348246,3.0,-3.0
30.34886834464278,27.0,73.0,13.0,9.0,0.7110013522869074,4.0,-3.0
30.385991878673327,33.0,55.0,7.0,4.0,0.6337567651570221,1.0,-2.0
107.54227919547267,84.0,27.0,19.0,6.0,0.43955865499014235,1.0,-1.0
11.286578061500352,10.0,33.0,32.0,4.0,0.07416817382015894,4.0,-3.0
16.160216815608432,17.0,76.0,43.0,2.0,0.06612933240563301,4.0,-3.0
7.008623394202651,8.0,96.0,76.0,7.0,0.7707254870205602,4.0,-1.0
166.68240369771942,99.0,47.0,26.0,0.0,0.18766468398796288,5.0,-1.0
49.33843652868013,35.0,96.0,95.0,6.0,0.2990331359189663,1.0,-3.0
51.18695786568869,47.0,79.0,16.0,1.0,0.6538477832705647,4.0,-4.0
273.99666068731455,96.0,63.0,19.0,2.0,0.5267643164516598,3.0,-3.0
10.197197825828212,12.0,73.0,64.0,1.0,0.4117993443426212,5.0,-2.0
7.694094510005005,9.0,69.0,25.0,3.0,0.2281328369077783,1.0,-4.0
4713.512011031001,225.0,61.0,32.0,3.0,0.4984618687757594,2.0,-2.0
3.109452599232028,4.0,29.0,14.0,8.0,0.9748571732393714,5.0,-2.0
8.538862435585866,9.0,28.0,14.0,9.0,0.9399271098387131,2.0,-4.0
13.81580194832451,15.0,55.0,43.0,8.0,0.2444448256796683,2.0,-4.0
30.896031940783274,21.0,43.0,24.0,2.0,0.6238850781025727,4.0,-5.0
10.213777159026362,5.0,15.0,11.0,0.0,0.49037791273575493,3.0,-5.0
276.3168085256659,271.0,75.0,38.0,7.0,0.37796808935537873,2.0,-1.0
2.0081870903301198,4.0,26.0,24.0,9.0,0.3991846287261239,4.0,-1.0
1.9638226001460029,1.0,12.0,11.0,7.0,0.5010234404814848,5.0,-4.0
10.899131647525468,11.0,22.0,15.0,1.0,0.2859156666060556,3.0,-3.0
8.65352638674693,10.0,79.0,21.0,9.0,0.5161831561296334,2.0,-5.0
6.537153494926333,6.0,30.0,22.0,4.0,0.6529717790436048,4.0,-4.0
37.274656081836305,38.0,93.0,25.0,6.0,0.8530369799076964,3.0,-5.0
11.800967125188324,13.0,27.0,14.0,7.0,0.5254011570003535,3.0,-1.0
1.2071577394026087,2.0,9.0,5.0,3.0,0.11440523064540331,1.0,-2.0
20.06507913447812,21.0,58.0,35.0,0.0,0.32223942213643497,3.0,-4.0
1.447936516640094,3.0,12.0,6.0,1.0,0.06835124135808157,4.0,-4.0
3.7094017486650124,5.0,39.0,35.0,9.0,0.5097926253013566,5.0,-3.0
53.95901889181973,20.0,56.0,43.0,10.0,0.5240923579912807,5.0,-5.0
17.075320828527094,18.0,70.0,24.0,8.0,0.8134209220257439,4.0,-3.0
3.1642619362246887,1.0,7.0,4.0,3.0,0.1367941074313772,4.0,-1.0
30.12049216309166,30.0,50.0,17.0,3.0,0.44222851824274334,5.0,-2.0
15.273300319408397,16.0,49.0,8.0,2.0,0.9474038479194927,3.0,-3.0
1.2222385979067147,2.0,18.0,13.0,9.0,0.12121942927092144,2.0,-4.0
1.637256001409035,3.0,60.0,57.0,4.0,0.5474762998419461,5.0,-2.0
5.2509837483395,7.0,66.0,55.0,1.0,0.6824742602907024,4.0,-2.0
1.3479997559613852,2.0,8.0,6.0,3.0,0.49673595876486076,4.0,-1.0
28.227610520776704,30.0,61.0,44.0,2.0,0.501727871474905,2.0,-5.0
31.46049234156947,28.0,38.0,23.0,9.0,0.31099948565330315,3.0,-2.0
25.274924438979802,10.0,17.0,14.0,5.0,0.27967367921556774,3.0,-1.0
226.12606883108424,34.0,45.0,15.0,4.0,0.5903813366177797,3.0,-4.0
6.744551085462217,7.0,42.0,32.0,8.0,0.05519648943478883,4.0,-4.0
59.98905606622903,61.0,89.0,43.0,1.0,0.5374840371849842,3.0,-5.0
8.526206879140343,9.0,32.0,13.0,5.0,0.7469176466213691,4.0,-3.0
84.10692723206634,85.0,78.0,24.0,6.0,0.9105099656387522,1.0,-3.0
7.352908587075703,8.0,44.0,11.0,4.0,0.015998593522388083,2.0,-1.0
56.15515431953499,54.0,98.0,11.0,2.0,0.5070398537618805,5.0,-2.0
2.0003811995443215,3.0,52.0,48.0,9.0,0.6666031455163965,4.0,-2.0
43.717683909385244,42.0,59.0,32.0,9.0,0.8025141498345337,2.0,-5.0
6.631238606135942,8.0,68.0,13.0,4.0,0.40475416543898046,4.0,-5.0
6.1563031896148965,7.0,39.0,25.0,7.0,0.654818405422809,4.0,-1.0
113.24652244285541,115.0,54.0,28.0,3.0,0.4098625412923671,2.0,-1.0
418.2262313660908,11.0,43.0,42.0,5.0,0.6519218558342043,2.0,-4.0
4.243866753668144,5.0,23.0,12.0,8.0,0.9319959696540214,3.0,-3.0
28.548018206537954,29.0,71.0,29.0,4.0,0.02485649393151501,4.0,-1.0
2477.4136178900344,539.0,94.0,58.0,0.0,0.7953176974905468,1.0,-4.0
27.92149978152229,29.0,82.0,34.0,10.0,0.5438210724752338,4.0,-1.0
13.21108432173756,10.0,30.0,26.0,10.0,0.13148262965726,4.0,-2.0
49.2499927166797,27.0,54.0,53.0,5.0,0.20507611330572384,3.0,-2.0
70.27457146361147,34.0,17.0,12.0,0.0,0.2764137404181176,2.0,-1.0
2.1821092695714936,3.0,52.0,12.0,7.0,0.14172780715221822,2.0,-3.0
13.758444598487749,14.0,30.0,25.0,0.0,0.840853293121331,1.0,-3.0
302.9963479339765,166.0,91.0,85.0,4.0,0.12211167419876512,5.0,-1.0
217.89812467273086,47.0,56.0,55.0,9.0,0.15777843423931337,4.0,-1.0
5.866499394171286,5.0,21.0,10.0,7.0,0.5535790660277173,5.0,-2.0
34.47998761693311,38.0,92.0,12.0,0.0,0.7303944065565336,1.0,-4.0
1.5363971518253468,3.0,41.0,35.0,7.0,0.9864628931087793,4.0,-3.0
28.204202894828843,29.0,98.0,62.0,7.0,0.01664534177062793,1.0,-2.0
4.6759502961046495,6.0,60.0,40.0,1.0,0.87953423844351,5.0,-1.0
9.663620178726388,11.0,41.0,23.0,6.0,0.3734708165678944,2.0,-4.0
9.028415844858541,10.0,71.0,19.0,2.0,0.2792640400009633,1.0,-3.0
19.345694499319585,20.0,76.0,68.0,6.0,0.22439406671223006,3.0,-5.0
36.918977010574395,37.0,90.0,68.0,4.0,0.0444123628630112,4.0,-2.0
7.954728268065278,8.0,16.0,5.0,0.0,0.5619071695159219,2.0,-4.0
4.774534542299721,6.0,31.0,23.0,2.0,0.07520818746959312,3.0,-5.0
4.875338065012257,6.0,32.0,11.0,9.0,0.8845656007154998,5.0,-1.0
18.540683185254164,14.0,52.0,51.0,10.0,0.2235808438776392,4.0,-4.0
169.03851955671348,164.0,63.0,47.0,4.0,0.36488432743408306,2.0,-1.0
13.53092065216262,15.0,72.0,45.0,9.0,0.2678854318128576,1.0,-4.0
33.5536189969892,35.0,63.0,39.0,2.0,0.4288182669815255,3.0,-1.0
13.967889673037773,15.0,74.0,28.0,10.0,0.8103630785941036,5.0,-4.0
38.87464515805746,31.0,24.0,16.0,2.0,0.6599670238591345,1.0,-3.0
7.498517952582558,7.0,25.0,24.0,2.0,0.15229812955575917,3.0,-4.0
2.6684171419240834,4.0,17.0,7.0,0.0,0.0627869989527079,3.0,-3.0
53.42082437150766,48.0,60.0,45.0,6.0,0.37832460325215767,3.0,-3.0
0.2665258032280373,1.0,5.0,4.0,3.0,0.13866867343988531,4.0,-5.0
20.480911555685164,21.0,42.0,21.0,3.0,0.03028321699622427,3.0,-1.0
30.64873915980085,32.0,63.0,32.0,1.0,0.5028652144413486,3.0,-1.0
0.926963020470901,1.0,9.0,7.0,6.0,0.8315166745236486,3.0,-2.0
33.75208177354551,24.0,43.0,35.0,7.0,0.5957745057967863,2.0,-5.0
4.765603567952201,8.0,95.0,91.0,5.0,0.6398913395041661,3.0,-3.0
94.14268309651295,94.0,91.0,74.0,6.0,0.4361153930201288,3.0,-2.0
4.313801673488975,5.0,39.0,34.0,4.0,0.8798672055896491,2.0,-5.0
30.33104748779375,31.0,88.0,47.0,3.0,0.3549341231366734,5.0,-5.0
1.3274518687907775,2.0,19.0,17.0,7.0,0.9013291927219734,2.0,-3.0
8.839588492397047,10.0,37.0,9.0,4.0,0.7382240381128742,5.0,-2.0
25.278960011750108,26.0,68.0,51.0,8.0,0.07474516376452156,2.0,-2.0
6.678132843132422,8.0,59.0,44.0,0.0,0.5410228016409686,5.0,-1.0
58.17802648043754,50.0,30.0,17.0,6.0,0.27030839267296924,2.0,-1.0
0.8371082174433893,2.0,27.0,24.0,6.0,0.7976808626048194,5.0,-2.0
0.2574396798131072,2.0,13.0,12.0,7.0,0.8140675132947437,5.0,-1.0
22.899447526036887,25.0,65.0,26.0,7.0,0.5957550942260144,2.0,-5.0
32.48093713059579,35.0,52.0,30.0,2.0,0.3563259844411679,3.0,-3.0
17.108223462960073,20.0,61.0,50.0,1.0,0.4404942748128836,4.0,-2.0
33.376594906272075,19.0,44.0,7.0,2.0,0.51357015711123,5.0,-3.0
20.24953543929818,22.0,76.0,27.0,2.0,0.9033014333167196,3.0,-3.0
191.10158588617514,38.0,32.0,24.0,7.0,0.7822084155700041,1.0,-4.0
91.89590190675696,19.0,54.0,6.0,5.0,0.30446602950521917,4.0,-1.0
72.07528756334791,75.0,73.0,25.0,8.0,0.7940225871799714,1.0,-5.0
38.83466317941326,19.0,41.0,29.0,10.0,0.3138432960258294,5.0,-3.0
47.743641794245384,49.0,75.0,26.0,8.0,0.7565786676431648,2.0,-2.0
2.643643170763495,3.0,71.0,10.0,8.0,0.06086706196600733,3.0,-1.0
0.3128085627814778,1.0,11.0,6.0,5.0,0.1803156566086136,5.0,-5.0
16.701944223132166,17.0,93.0,61.0,2.0,0.14674771265081166,5.0,-5.0
2.6517116559037275,4.0,57.0,47.0,8.0,0.9713936363393887,4.0,-4.0
7.973874265562734,10.0,23.0,10.0,1.0,0.6452190052107866,1.0,-5.0
33.63147676602168,29.0,28.0,14.0,5.0,0.8832553390230213,1.0,-4.0
60.88737664741627,62.0,81.0,67.0,5.0,0.4954316337234126,1.0,-3.0
1.457270612725869,3.0,20.0,10.0,7.0,0.32355949382336424,2.0,-4.0
64.02100370657551,65.0,88.0,58.0,5.0,0.057382229104516846,2.0,-1.0
14.336735729988293,14.0,29.0,22.0,6.0,0.497651238494381,3.0,-2.0
98.16370760384918,70.0,73.0,48.0,3.0,0.5676977633862371,3.0,-5.0
0.24003130081814752,2.0,64.0,2.0,1.0,0.09265296438353554,4.0,-5.0
49.675403621426895,51.0,95.0,56.0,8.0,0.4333895751196394,3.0,-4.0
14.397702056105409,15.0,85.0,56.0,1.0,0.8767762894296596,3.0,-5.0
2.688403569133393,5.0,16.0,8.0,7.0,0.6570080091879258,1.0,-3.0
106.76014115167803,107.0,94.0,78.0,5.0,0.15811210432793343,1.0,-1.0
2844.421279746094,57.0,87.0,4.0,1.0,0.405835985027324,3.0,-2.0
2.1947377539699056,3.0,53.0,47.0,7.0,0.7889686356336518,4.0,-2.0
233.19448031962233,65.0,71.0,41.0,0.0,0.5698497761081371,4.0,-5.0
4.067436770958846,5.0,24.0,10.0,2.0,0.011053115226496546,1.0,-2.0
2.5233439791668775,4.0,24.0,15.0,8.0,0.945836956549791,4.0,-4.0
56.673762069477625,35.0,79.0,75.0,3.0,0.21619635486758937,5.0,-3.0
76.81853200885804,5.0,11.0,5.0,3.0,0.8463510254689327,1.0,-5.0
1.2583863387181866,2.0,19.0,13.0,9.0,0.30355432496794976,1.0,-5.0
2.6114372753033126,4.0,48.0,38.0,0.0,0.9756155571368,4.0,-3.0
17.535909114892,19.0,33.0,14.0,7.0,0.520872754236971,3.0,-1.0
22.11314929439217,23.0,81.0,76.0,2.0,0.08169685028329399,4.0,-4.0
4.112459953959689,3.0,7.0,3.0,2.0,0.6892091344842672,1.0,-3.0
125.27163976922547,87.0,55.0,5.0,0.0,0.3497831594048534,3.0,-1.0
2.4845614001124785,5.0,62.0,11.0,9.0,0.5243786187016017,3.0,-5.0
15.287741793712184,16.0,77.0,50.0,5.0,0.011293039780297609,2.0,-3.0
7.63433897321811,9.0,50.0,14.0,5.0,0.968392885040589,5.0,-4.0
30.40563596813948,14.0,47.0,44.0,8.0,0.4022869968781795,3.0,-4.0
0.7675867256559793,2.0,64.0,62.0,10.0,0.8256960961464649,4.0,-4.0
4.460607580489606,6.0,33.0,12.0,7.0,0.9675420922938484,5.0,-4.0
10.230453611814534,11.0,77.0,48.0,8.0,0.015017490625465979,2.0,-4.0
7.634539091576398,10.0,50.0,7.0,3.0,0.7460108822108764,1.0,-5.0
1.2001928548775198,2.0,36.0,34.0,10.0,0.9443998092851087,2.0,-4.0
2.3816339575944365,1.0,12.0,9.0,5.0,0.7513770589804982,3.0,-4.0
1.324241559682129,3.0,17.0,12.0,10.0,0.49794030622629304,1.0,-4.0
5.8813732183040575,5.0,37.0,11.0,8.0,0.4489915043877274,5.0,-5.0
6.895689302897592,8.0,63.0,29.0,6.0,0.09494041464145841,3.0,-4.0
2.1439682094098287,3.0,19.0,15.0,7.0,0.211433564726055,1.0,-5.0
30.06416296369995,31.0,62.0,50.0,2.0,0.10085368036059972,2.0,-2.0
1.8458323696449517,3.0,31.0,9.0,2.0,0.041534592727241026,1.0,-4.0
14.947154410951086,18.0,50.0,47.0,2.0,0.3001767747478751,3.0,-1.0
13.88444374447204,15.0,67.0,19.0,9.0,0.9095177413824583,4.0,-2.0
3.8314981214283668,7.0,13.0,12.0,0.0,0.2521989033170766,4.0,-1.0
60.585578498555854,62.0,75.0,57.0,3.0,0.5271746951244876,1.0,-3.0
15.953782880892167,16.0,87.0,9.0,4.0,0.22886490229665224,2.0,-1.0
47.67594560658927,49.0,99.0,14.0,3.0,0.630478287385565,4.0,-2.0
1.3487280438506075,2.0,49.0,45.0,3.0,0.7093938955762914,5.0,-2.0
0.4923225462449324,1.0,10.0,9.0,8.0,0.3937622570295629,1.0,-4.0
14.998218273874539,15.0,27.0,23.0,2.0,0.5199667371613068,1.0,-4.0
120.9098061566744,102.0,62.0,20.0,8.0,0.8912277276964293,1.0,-5.0
28.891433380950566,9.0,32.0,12.0,10.0,0.6153744533675907,3.0,-3.0
7.068276848928503,6.0,26.0,9.0,7.0,0.8227902620137824,4.0,-5.0
3.0463216203431336,1.0,6.0,3.0,0.0,0.3358676258406095,3.0,-3.0
9.372804952846908,6.0,21.0,20.0,0.0,0.47769450908565037,1.0,-5.0
7.122924538913688,9.0,63.0,11.0,1.0,0.5137260395668665,2.0,-5.0
18.117290368512865,19.0,53.0,10.0,1.0,0.910489050005058,3.0,-4.0
36.29485050836544,4.0,24.0,11.0,7.0,0.4842419480630782,5.0,-4.0
976.4761080857843,660.0,95.0,24.0,6.0,0.6909034774505589,1.0,-2.0
5.235701216264708,6.0,21.0,14.0,2.0,0.17701084800628064,1.0,-3.0
9.348858956589432,10.0,74.0,32.0,6.0,0.13543466022337758,5.0,-4.0
56.744500661987345,57.0,93.0,58.0,8.0,0.2648571680588103,5.0,-3.0
2.3851568666440337,3.0,14.0,9.0,3.0,0.08074036387928596,3.0,-3.0
41.46983039342875,40.0,68.0,11.0,4.0,0.7290822004785763,3.0,-3.0
35.86681781531529,26.0,25.0,7.0,3.0,0.9003713242289029,1.0,-4.0
10.016131738003281,11.0,26.0,20.0,1.0,0.7995168273014399,1.0,-1.0
14.240641878797003,15.0,72.0,36.0,7.0,0.9055951874416653,3.0,-2.0
42.9457780354101,31.0,60.0,5.0,0.0,0.6115263828550465,4.0,-3.0
2.1461621331629743,3.0,13.0,10.0,2.0,0.6282634378325406,4.0,-3.0
14.470766793511395,4.0,15.0,14.0,7.0,0.6290665328955001,1.0,-3.0
6.399366461593321,8.0,48.0,41.0,0.0,0.6367322851803273,4.0,-4.0
18.42614984469503,16.0,48.0,20.0,10.0,0.5571616284174591,3.0,-5.0
182.25811490384717,151.0,88.0,41.0,5.0,0.6337463217856424,2.0,-4.0
4.995877304550491,6.0,13.0,10.0,2.0,0.13289321625831985,1.0,-2.0
2.0778082755171274,3.0,23.0,16.0,6.0,0.728155751301439,5.0,-1.0
4.655022658326095,6.0,68.0,27.0,6.0,0.06982053759444262,2.0,-5.0
1.3510181165430188,2.0,16.0,13.0,2.0,0.6911719525745839,5.0,-4.0
89.2522975974208,90.0,59.0,15.0,3.0,0.7464922538939295,1.0,-1.0
51.90805951935089,53.0,85.0,60.0,5.0,0.18808685776629175,3.0,-2.0
115.76434591710303,67.0,62.0,48.0,0.0,0.36933779490970386,4.0,-3.0
1040.63280208926,56.0,87.0,81.0,6.0,0.7039897811834953,2.0,-5.0
4.905560906911179,6.0,27.0,9.0,3.0,0.4721122845619212,3.0,-5.0
1.4551562241625864,3.0,17.0,12.0,9.0,0.9060095309099201,4.0,-2.0
38678.964147017454,234.0,62.0,51.0,10.0,0.3329799974318154,2.0,-1.0
692.8957231914544,83.0,40.0,12.0,6.0,0.33044689612054745,2.0,-1.0
11.455847234235911,13.0,98.0,77.0,9.0,0.5475892861973989,5.0,-2.0
13.834896093106952,15.0,65.0,43.0,9.0,0.13561157649496125,1.0,-3.0
473.91968531093875,204.0,89.0,43.0,7.0,0.6828438099765854,2.0,-4.0
24.18949751653725,14.0,35.0,23.0,2.0,0.49956478468391385,5.0,-4.0
76.58191346595555,72.0,55.0,21.0,5.0,0.447768346088947,2.0,-2.0
7.019846072524842,8.0,49.0,14.0,6.0,0.2867912906090915,1.0,-2.0
15.065094434478782,16.0,66.0,26.0,6.0,0.4181069593193699,1.0,-3.0
1.704518138283391,3.0,64.0,59.0,8.0,0.9866760684677098,3.0,-2.0
43.13380413851698,26.0,48.0,43.0,8.0,0.3526530606325352,4.0,-2.0
22.042260220100733,24.0,59.0,29.0,7.0,0.6669862060399641,1.0,-5.0
43.56642749722577,44.0,84.0,28.0,4.0,0.1497056994055933,2.0,-1.0
16.459438236888634,17.0,31.0,25.0,0.0,0.8729064979453903,1.0,-4.0
118.5188217755999,113.0,75.0,48.0,7.0,0.5308126770317912,2.0,-3.0
32.656136179455125,31.0,49.0,14.0,9.0,0.41435481410087616,4.0,-1.0
1511.4104550482068,276.0,76.0,54.0,6.0,0.492060396327206,2.0,-2.0
45.192580953221054,38.0,32.0,25.0,8.0,0.15595801544507526,3.0,-1.0
4.103089355011246,5.0,60.0,48.0,2.0,0.7849251118718135,4.0,-1.0
25.666097129545456,27.0,69.0,24.0,9.0,0.6255476097051934,4.0,-2.0
118.1510958172692,69.0,59.0,20.0,4.0,0.6440966968477587,2.0,-4.0
5.957186101094758,7.0,83.0,61.0,8.0,0.9616273444092387,4.0,-4.0
20.123504252089138,21.0,43.0,17.0,9.0,0.764007164197902,2.0,-1.0
19.582755008958802,20.0,71.0,35.0,9.0,0.16807530416295602,2.0,-2.0
659.9397827264362,154.0,53.0,25.0,4.0,0.5106070283732261,2.0,-2.0
156.90955113312984,75.0,39.0,28.0,2.0,0.7668598886272509,1.0,-4.0
29.0025787779629,31.0,63.0,20.0,1.0,0.5862214602927239,1.0,-3.0
24.0233004021379,25.0,45.0,42.0,0.0,0.22497575228866573,4.0,-1.0
33.99134140218756,34.0,96.0,70.0,10.0,0.20580743249642874,3.0,-3.0
10.070771843505204,11.0,87.0,77.0,7.0,0.9976575167357258,1.0,-2.0
11.053537268802042,13.0,56.0,13.0,2.0,0.3341405752068337,3.0,-3.0
1.043482634748355,2.0,26.0,8.0,3.0,0.02976477402304245,2.0,-5.0
82.78472755609778,83.0,60.0,39.0,6.0,0.30068787459837887,1.0,-1.0
5.331463135540279,7.0,65.0,14.0,4.0,0.4463346111357419,2.0,-5.0
16.928863419101084,18.0,95.0,80.0,8.0,0.5772121332501895,3.0,-2.0
1.1708499348152352,1.0,11.0,10.0,9.0,0.024319930581339633,5.0,-1.0
4.891953535612967,6.0,44.0,33.0,5.0,0.7080984082644088,4.0,-2.0
8.385797557011726,7.0,22.0,17.0,4.0,0.349965693924449,3.0,-4.0
41.424706272282044,39.0,57.0,34.0,6.0,0.4748678384759164,3.0,-4.0
49.29964579262838,50.0,66.0,18.0,3.0,0.7434094567428783,2.0,-2.0
130.2228961106903,70.0,43.0,16.0,10.0,0.8018342027523521,1.0,-3.0
9.43129598624012,10.0,74.0,49.0,3.0,0.9126872922998598,3.0,-1.0
40.721530771747396,25.0,50.0,12.0,6.0,0.7416459096693769,3.0,-5.0
33.98416185358627,29.0,41.0,19.0,3.0,0.3781943402878689,5.0,-2.0
2.6340793060903036,4.0,36.0,7.0,2.0,0.03393451512774537,1.0,-2.0
0.6929142522815259,2.0,46.0,3.0,1.0,0.2227279945780608,1.0,-4.0
100.9046880982119,101.0,84.0,24.0,4.0,0.267264384582628,2.0,-1.0
0.27891480339839747,2.0,5.0,4.0,2.0,0.9170648440424412,4.0,-1.0
0.20499101092441857,1.0,12.0,11.0,9.0,0.9826089554508779,5.0,-2.0
1.1254538081525922,1.0,14.0,11.0,10.0,0.4444956472851632,3.0,-4.0
3.29460315075649,4.0,47.0,35.0,7.0,0.806045759898692,5.0,-2.0
11.03379415695224,12.0,51.0,23.0,3.0,0.4553409835339075,2.0,-5.0
0.5403709257479149,2.0,8.0,7.0,2.0,0.6929400984057976,4.0,-3.0
8.953376738888375,10.0,54.0,43.0,9.0,0.44571734934870455,4.0,-1.0
9.876300063436846,11.0,99.0,70.0,7.0,0.705188898296629,5.0,-2.0
11.467573168592338,12.0,72.0,18.0,4.0,0.11130946870577973,5.0,-2.0
418.11480644104535,278.0,98.0,93.0,7.0,0.2647716219921955,2.0,-1.0
19.7055686689941,4.0,4.0,1.0,0.0,0.576120614695083,1.0,-1.0
11.205546970130493,12.0,48.0,30.0,7.0,0.278206447200929,3.0,-4.0
103.1551303884532,100.0,79.0,10.0,2.0,0.9448159125971493,1.0,-5.0
6.456820110192476,1.0,7.0,6.0,5.0,0.3556406252819898,5.0,-3.0
9.603324193178477,11.0,53.0,36.0,2.0,0.46170339315205733,5.0,-1.0
51.885302316278526,51.0,49.0,23.0,7.0,0.9168508833886173,1.0,-5.0
0.393210325646786,2.0,91.0,2.0,1.0,0.09136635801457427,2.0,-3.0
2.4761315493124383,4.0,34.0,12.0,9.0,0.4647387843864066,2.0,-4.0
16.895332457481526,18.0,58.0,25.0,8.0,0.19876098866024827,3.0,-2.0
69.20748873194984,54.0,81.0,57.0,6.0,0.5433479101028996,4.0,-4.0
41.872050587960096,36.0,67.0,12.0,1.0,0.66419066903728,4.0,-4.0
2.148538321535648,3.0,12.0,8.0,0.0,0.8373901164012243,3.0,-4.0
5.306356757486599,6.0,42.0,30.0,6.0,0.8769064334353798,3.0,-3.0
13.383750107499658,4.0,11.0,6.0,1.0,0.5466984212182636,4.0,-4.0
0.6496704232846318,1.0,16.0,12.0,10.0,0.11518950064551314,4.0,-4.0
14.86190207421863,16.0,60.0,34.0,8.0,0.0835201337810152,1.0,-2.0
14.172829979746991,13.0,62.0,61.0,3.0,0.129666107788311,2.0,-5.0
16.092379791771524,18.0,89.0,27.0,4.0,0.5101074430648,2.0,-5.0
5.438924051874426,4.0,10.0,4.0,0.0,0.8505265607307083,2.0,-4.0
13.451351058030188,14.0,82.0,70.0,1.0,0.7230259240917707,2.0,-2.0
38.74789469049422,40.0,99.0,46.0,5.0,0.38837559910031305,2.0,-3.0
10.868192704686066,11.0,76.0,56.0,10.0,0.9600580920730396,2.0,-2.0
1.9186380607749662,1.0,10.0,7.0,3.0,0.6563609135736761,5.0,-5.0
1.0211418999387591,2.0,46.0,12.0,7.0,0.01725347863017135,1.0,-5.0
4.148322764891994,6.0,56.0,47.0,6.0,0.7711939412046427,4.0,-4.0
17.809913331755194,19.0,89.0,32.0,5.0,0.08066506279343855,4.0,-2.0
29.714454084902144,31.0,89.0,69.0,6.0,0.37596394118503984,1.0,-4.0
17.52226747942842,8.0,34.0,8.0,4.0,0.6483826224575366,5.0,-5.0
6.750759008242014,6.0,26.0,17.0,8.0,0.4583520721704796,3.0,-5.0
139.21810583832766,141.0,86.0,49.0,9.0,0.42192334293780165,2.0,-1.0
18.22756913934933,19.0,43.0,16.0,8.0,0.6203181674087428,3.0,-1.0
21.003334276342272,8.0,39.0,13.0,10.0,0.5297373363314383,5.0,-3.0
10.187114307426647,11.0,78.0,42.0,10.0,0.2323470975893629,3.0,-5.0
4.897953609552102,6.0,30.0,16.0,0.0,0.9763894310437757,3.0,-3.0
2.8817144329349547,4.0,100.0,93.0,2.0,0.8572773832130439,3.0,-1.0
3.1137325488495766,4.0,10.0,9.0,0.0,0.22191566816968855,1.0,-4.0
58.70501402188826,59.0,52.0,38.0,9.0,0.253002358629986,1.0,-1.0
2460.2088974360618,49.0,52.0,18.0,6.0,0.5023033274420609,3.0,-3.0
17.174869741812863,18.0,93.0,50.0,4.0,0.3869446979655855,1.0,-5.0
0.3656751032345357,2.0,11.0,10.0,6.0,0.7469335982431501,4.0,-1.0
2.4018785069296453,3.0,18.0,11.0,6.0,0.7682650604888512,5.0,-4.0
23.84001842170953,24.0,43.0,32.0,10.0,0.2692954802840457,2.0,-2.0
27.816052172987554,6.0,21.0,3.0,1.0,0.521015480496443,4.0,-3.0
0.36244524414082846,2.0,11.0,5.0,4.0,0.17728036513665613,3.0,-4.0
18.186705648984162,19.0,34.0,20.0,4.0,0.884896535695072,1.0,-1.0
77.6206974142204,78.0,70.0,39.0,5.0,0.2809862502358097,1.0,-1.0
52.82564175433946,53.0,62.0,30.0,2.0,0.23497719033673747,1.0,-1.0
6.900922348756331,8.0,64.0,19.0,4.0,0.11805393039333012,4.0,-3.0
26.885729302529583,20.0,50.0,44.0,10.0,0.39076979879539364,3.0,-4.0
2.1963243935912846,2.0,18.0,12.0,10.0,0.38617346293221444,4.0,-4.0
12.942254276200702,13.0,47.0,27.0,10.0,0.7272584270026596,4.0,-5.0
16.05095775920286,17.0,69.0,35.0,0.0,0.46990746050722254,1.0,-5.0
2.410481098759109,3.0,26.0,20.0,8.0,0.872282415229136,3.0,-1.0
7.888562124378396,9.0,47.0,41.0,10.0,0.0078066402240890564,5.0,-4.0
4.001335862569577,5.0,20.0,11.0,0.0,0.04181968315051576,3.0,-3.0
5.952882462871954,7.0,60.0,18.0,2.0,0.26244529100677594,1.0,-4.0
15.000003617071265,16.0,56.0,35.0,8.0,0.8499999156016909,2.0,-2.0
11.454834327594114,13.0,49.0,29.0,1.0,0.5491975427670921,4.0,-1.0
85.60466694741731,27.0,50.0,34.0,6.0,0.40810166989662555,5.0,-4.0
8.977696622197678,10.0,65.0,27.0,9.0,0.8903873613391726,5.0,-2.0
23.86341107082329,25.0,99.0,85.0,8.0,0.19703365228850567,4.0,-5.0
20.724955413906454,20.0,54.0,49.0,10.0,0.1863684446993552,3.0,-3.0
11.350924520948213,12.0,20.0,13.0,4.0,0.5517782608061917,1.0,-3.0
16.02704856372723,16.0,44.0,25.0,1.0,0.5761662086056278,5.0,-4.0
87.99733438296367,77.0,44.0,10.0,0.0,0.7215900485221516,1.0,-3.0
0.3139184626000377,1.0,7.0,6.0,5.0,0.3024099040891731,1.0,-5.0
15.675818410109805,17.0,92.0,40.0,7.0,0.2894846754621927,5.0,-5.0
1.5495950944312307,2.0,52.0,7.0,3.0,0.23644675369555435,2.0,-4.0
10.844435465226974,12.0,72.0,39.0,8.0,0.0353477689225391,1.0,-3.0
0.58334006262257,2.0,7.0,2.0,0.0,0.26191135378552166,1.0,-5.0
20.543401039414906,21.0,65.0,16.0,8.0,0.8770388301916299,3.0,-2.0
5.1107226825605645,6.0,68.0,52.0,4.0,0.8261345407997646,4.0,-1.0
212.42794700673093,203.0,87.0,70.0,1.0,0.13503679626691145,4.0,-1.0
29.978506434311708,25.0,54.0,42.0,8.0,0.3582317631696391,4.0,-4.0
15.317813400285447,13.0,22.0,12.0,10.0,0.4347165307561871,1.0,-1.0
0.6542833245704132,1.0,6.0,5.0,4.0,0.49594430546112067,2.0,-5.0
104.15647148347665,24.0,50.0,15.0,6.0,0.6141989428599406,3.0,-5.0
11.456520625421712,12.0,33.0,22.0,4.0,0.6533839653315363,2.0,-1.0
41.68347048232199,42.0,66.0,38.0,10.0,0.8905763657712941,1.0,-2.0
4.444420131250559,5.0,25.0,13.0,9.0,0.783335795057681,4.0,-2.0
1.766418646727024,2.0,75.0,73.0,9.0,0.8264468849109781,2.0,-3.0
404.85038945859384,97.0,99.0,9.0,5.0,0.4444608686781094,3.0,-2.0
142.90509843771193,79.0,74.0,67.0,1.0,0.4230258393839281,3.0,-3.0
9.677541332390529,10.0,46.0,41.0,1.0,0.09630208488641134,4.0,-5.0
91.10250994407055,51.0,90.0,87.0,8.0,0.1618349953122673,5.0,-2.0
23.312149897673496,25.0,71.0,10.0,2.0,0.9361102133991202,3.0,-3.0
13.733332442753388,9.0,35.0,1.0,0.0,0.747572831588597,5.0,-5.0
15607.217549908419,69.0,67.0,16.0,4.0,0.5005446198191842,3.0,-3.0
26.83796171334238,28.0,77.0,21.0,0.0,0.8695138017992085,3.0,-4.0
7.937156467206814,9.0,44.0,25.0,1.0,0.6276863415128664,5.0,-2.0
6.729608310271452,2.0,16.0,11.0,8.0,0.5060232027105075,4.0,-5.0
25.16434292029542,26.0,95.0,58.0,7.0,0.8087918047234155,3.0,-5.0
5.988674849995299,6.0,27.0,6.0,5.0,0.7511031384518643,5.0,-1.0
19.64194248066997,23.0,59.0,20.0,7.0,0.55635849990572,2.0,-4.0
1.4360939340421195,2.0,51.0,14.0,10.0,0.20244447975844326,2.0,-4.0
9.022263546483096,11.0,68.0,13.0,8.0,0.20654504945714436,5.0,-2.0
13.648795264703796,15.0,98.0,65.0,0.0,0.6772244762266584,5.0,-3.0
16.300100867702234,18.0,66.0,23.0,5.0,0.6492853925046764,1.0,-5.0
2.7495199301577586,1.0,9.0,8.0,6.0,0.545433381656724,2.0,-4.0
62.920385772394226,58.0,38.0,15.0,6.0,0.28565403252847044,2.0,-1.0
342.5785129299708,182.0,75.0,12.0,6.0,0.7959748624199895,1.0,-3.0
69.615001107797,72.0,91.0,15.0,10.0,0.7320440999768942,1.0,-3.0
26.934706985702697,28.0,94.0,13.0,0.0,0.8759090457295298,4.0,-4.0
6.659053173305689,7.0,23.0,9.0,3.0,0.8504001653999437,3.0,-3.0
83.73938526055412,77.0,59.0,19.0,3.0,0.49553449640343183,3.0,-2.0
18.702980669629245,19.0,44.0,17.0,0.0,0.0455269857706323,1.0,-1.0
4.688223803660969,6.0,37.0,22.0,4.0,0.19343214140274734,1.0,-5.0
208.3653851721433,24.0,78.0,77.0,5.0,0.7757421936625762,1.0,-5.0
5.909153168212687,7.0,76.0,68.0,2.0,0.7846106298860034,2.0,-1.0
5.32924530695045,6.0,20.0,11.0,0.0,0.3262130967597128,4.0,-5.0
49.61980033368659,50.0,95.0,64.0,8.0,0.8123752996941654,1.0,-1.0
20.669888441915504,24.0,72.0,57.0,3.0,0.4542822202625132,4.0,-2.0
5.395388567427616,7.0,41.0,33.0,9.0,0.4965495404092535,4.0,-1.0
5.327220110756895,6.0,48.0,19.0,4.0,0.036854506172496415,2.0,-3.0
23.094745637845573,24.0,95.0,73.0,8.0,0.04637674929093072,1.0,-3.0
16.814753073508918,17.0,28.0,17.0,1.0,0.3414091093096151,3.0,-3.0
6.344937690566345,7.0,16.0,11.0,7.0,0.12319205246374598,2.0,-1.0
12.207975988718164,13.0,80.0,29.0,0.0,0.10408397446063189,3.0,-3.0
463.881043776356,308.0,54.0,17.0,9.0,0.5398809139718137,1.0,-1.0
9.973790295450206,11.0,78.0,47.0,10.0,0.18432527506076923,2.0,-5.0
10.780344926117337,12.0,70.0,17.0,6.0,0.991635475146977,5.0,-5.0
26.182939064983522,28.0,87.0,32.0,7.0,0.292168538026382,4.0,-3.0
64.58421074111604,60.0,46.0,13.0,7.0,0.8777402000478087,1.0,-3.0
10.35843764137462,11.0,87.0,48.0,6.0,0.9530093118333335,4.0,-1.0
6.135645803543423,7.0,50.0,18.0,5.0,0.11015420348066063,5.0,-3.0
6.1992252916656385,7.0,31.0,19.0,9.0,0.990817963660557,2.0,-5.0
15.844891760458196,16.0,73.0,53.0,1.0,0.08977315223944227,4.0,-4.0
66.60159141211098,55.0,67.0,44.0,6.0,0.6207624419269993,3.0,-4.0
0.99244689023092,2.0,12.0,9.0,7.0,0.8045663560499379,4.0,-1.0
3.780265466172243,5.0,46.0,21.0,10.0,0.18169190768771626,2.0,-4.0
113.87688682695975,64.0,80.0,62.0,1.0,0.4960370881419103,4.0,-5.0
15.83614539029663,17.0,75.0,43.0,0.0,0.04744879577463734,3.0,-3.0
5.473667336171359,6.0,31.0,20.0,5.0,0.3228009909272799,2.0,-5.0
62.252832349730944,64.0,72.0,33.0,8.0,0.5328039487983872,1.0,-2.0
3.4749509045165063,4.0,30.0,16.0,3.0,0.12589399513232036,5.0,-5.0
140.9748249251756,33.0,46.0,5.0,4.0,0.43027735630992114,2.0,-1.0
21.76119215033392,22.0,27.0,16.0,3.0,0.20130312920837568,1.0,-1.0
7.132856350581981,9.0,41.0,15.0,9.0,0.5264703763098016,2.0,-4.0
14.163863221362693,15.0,94.0,91.0,3.0,0.7372688734496118,1.0,-2.0
361.8317663603168,335.0,55.0,29.0,7.0,0.5359282993054137,1.0,-1.0
2.2221777693486886,3.0,19.0,14.0,8.0,0.812511252358703,3.0,-1.0
3.7300869612011383,5.0,35.0,19.0,2.0,0.9210493590937558,5.0,-4.0
68.72699435401002,37.0,36.0,32.0,2.0,0.3908725738627853,2.0,-2.0
1.2708051171002233,1.0,14.0,13.0,10.0,0.07991148095493128,5.0,-3.0
57.638592394916294,58.0,89.0,33.0,7.0,0.8530816089735519,2.0,-5.0
6.705984017845357,8.0,71.0,36.0,3.0,0.009877746647930619,3.0,-5.0
10.243739114939439,11.0,54.0,33.0,9.0,0.2952339447896578,4.0,-5.0
6.2687007524792255,7.0,91.0,76.0,8.0,0.8988067222719585,3.0,-3.0
8.377779541562937,9.0,86.0,38.0,10.0,0.2763042728866001,1.0,-5.0
20.496048068035606,22.0,74.0,16.0,2.0,0.638302302696532,5.0,-1.0
7.18087735059605,8.0,58.0,16.0,1.0,0.2277796894569254,1.0,-3.0
1.273405955667405,3.0,25.0,19.0,5.0,0.9588247367280159,5.0,-2.0
10.047483617980637,11.0,82.0,49.0,6.0,0.7855505574169874,5.0,-3.0
3.7703679372072614,5.0,46.0,28.0,1.0,0.9748966531701038,5.0,-4.0
10.886600244580478,7.0,15.0,11.0,4.0,0.8945706940969513,1.0,-5.0
7.842619044971376,9.0,86.0,77.0,8.0,0.7158586074537913,2.0,-1.0
62.80419861599404,62.0,64.0,8.0,4.0,0.9783320263105427,1.0,-4.0
17.121649682854983,19.0,53.0,31.0,8.0,0.5313342998364067,1.0,-4.0
5.370470201558307,6.0,98.0,32.0,7.0,0.03832379119872653,4.0,-5.0
133.186997195465,41.0,47.0,9.0,6.0,0.7443688196611318,1.0,-3.0
9.368383438060434,10.0,44.0,30.0,4.0,0.17495827974560263,3.0,-4.0
50.66787719873321,51.0,66.0,53.0,3.0,0.0032953679710796546,3.0,-1.0
12.378235403663341,14.0,56.0,40.0,4.0,0.7560844784440276,3.0,-4.0
39.21868537426055,40.0,60.0,38.0,1.0,0.7804785498297034,1.0,-1.0
53.763348334364345,54.0,60.0,29.0,6.0,0.1907330879210456,2.0,-1.0
12.601665955513702,13.0,51.0,33.0,7.0,0.918340367099573,2.0,-5.0
1.526020813981048,2.0,12.0,4.0,1.0,0.254262853714486,4.0,-4.0
12.62459543807735,14.0,64.0,15.0,1.0,0.9830446419377064,4.0,-3.0
0.37559155103815123,1.0,4.0,3.0,2.0,0.3895888821975375,1.0,-5.0
3.2212058793009004,4.0,30.0,16.0,8.0,0.8910330750130149,5.0,-1.0
22.888631413990808,23.0,37.0,17.0,4.0,0.7184490592540942,2.0,-2.0
7.147614188996783,9.0,51.0,25.0,6.0,0.8637577422690925,5.0,-5.0
36.546799007925735,30.0,16.0,10.0,3.0,0.5820865323759108,1.0,-1.0
6.17020185823254,7.0,57.0,31.0,1.0,0.015324715476010775,4.0,-5.0
51.690899831105824,42.0,62.0,41.0,5.0,0.5507826330858409,4.0,-4.0
283.6745320983991,284.0,82.0,30.0,3.0,0.5916543328993006,1.0,-1.0
24.24082630705882,25.0,29.0,11.0,1.0,0.580849648330105,2.0,-1.0
1.4844045373759942,2.0,12.0,9.0,5.0,0.6042024831456185,4.0,-1.0
17.392170143779847,18.0,59.0,15.0,9.0,0.70597481092072,4.0,-1.0
34.49805026841268,36.0,60.0,26.0,1.0,0.42510712146061336,1.0,-2.0
51.94564244082713,54.0,55.0,17.0,0.0,0.34630678614972166,4.0,-1.0
4.537633995137059,5.0,73.0,25.0,10.0,0.08678906187466406,4.0,-4.0
10.081601111029912,11.0,48.0,28.0,1.0,0.22030899486027922,2.0,-4.0
31.120594433927106,32.0,48.0,21.0,6.0,0.1036008130767112,4.0,-1.0
11.96252564369932,13.0,89.0,32.0,9.0,0.41546581909123625,1.0,-4.0
2.548210307429148,3.0,38.0,28.0,6.0,0.8207204791826919,5.0,-1.0
193.65292205707578,157.0,94.0,9.0,6.0,0.8129765339919972,1.0,-2.0
6826.806506070642,10.0,28.0,17.0,5.0,0.5001611295118767,5.0,-5.0
40.72183547373884,42.0,86.0,43.0,6.0,0.611188908848327,3.0,-2.0
1.684757484664629,3.0,34.0,28.0,10.0,0.9373347757860466,4.0,-3.0
27.767569050144065,11.0,33.0,8.0,6.0,0.7000472691971484,3.0,-4.0
0.5940569467012542,2.0,74.0,72.0,9.0,0.7666686576828855,5.0,-2.0
0.4110918542191028,1.0,5.0,2.0,0.0,0.016863406111774837,3.0,-5.0
1.1317170808494093,2.0,25.0,21.0,3.0,0.8371613628025796,5.0,-4.0
6.37920403051453,6.0,21.0,17.0,2.0,0.37837278022577236,2.0,-5.0
44.488536948404246,42.0,51.0,12.0,9.0,0.6255434371422494,2.0,-1.0
22.624779488515863,23.0,96.0,40.0,2.0,0.05340426986784952,4.0,-2.0
15.752774235254602,18.0,62.0,42.0,2.0,0.37826960615864236,5.0,-1.0
13.25115000410366,14.0,44.0,35.0,2.0,0.12741252665277258,1.0,-3.0
184.34302389876677,185.0,76.0,49.0,3.0,0.5732330397672852,1.0,-1.0
59.911624486831435,61.0,96.0,27.0,5.0,0.7879240906544196,2.0,-2.0
1.9998316940685075,3.0,61.0,57.0,4.0,0.7500420800240319,3.0,-1.0
3.647908821127448,4.0,43.0,22.0,7.0,0.12686501713274745,2.0,-5.0
14.778885140184274,5.0,12.0,10.0,5.0,0.13233589742970753,4.0,-1.0
52.395405627105355,53.0,92.0,11.0,4.0,0.28880016662899455,2.0,-1.0
0.4512304741157964,2.0,19.0,7.0,5.0,0.09461254106744543,1.0,-5.0
0.46568166836115715,2.0,10.0,9.0,5.0,0.8578982768490881,3.0,-3.0
2.032889339290709,3.0,18.0,16.0,10.0,0.4959553455941945,3.0,-1.0
11.263348261723278,10.0,21.0,12.0,0.0,0.3998645593130862,5.0,-2.0
0.9165799153182196,2.0,41.0,39.0,9.0,0.6477530854886828,5.0,-3.0
51.661052871566326,20.0,36.0,31.0,5.0,0.21381707286576446,5.0,-2.0
41.46512474630698,42.0,82.0,44.0,6.0,0.15479531557287995,5.0,-2.0
102.04397651376487,103.0,53.0,26.0,5.0,0.42153060187848823,2.0,-1.0
605.6942957647052,122.0,67.0,57.0,10.0,0.20330199576582597,4.0,-1.0
6.722887476876011,8.0,47.0,22.0,5.0,0.7864400424666187,5.0,-1.0
9.32741143563337,10.0,81.0,47.0,4.0,0.9290339926490282,4.0,-1.0
19.436519666556823,20.0,91.0,47.0,4.0,0.1969174428127255,1.0,-3.0
3.1399212904548097,4.0,15.0,12.0,4.0,0.05652067918391912,5.0,-3.0
68.45750229134951,69.0,68.0,13.0,3.0,0.601139384090315,2.0,-1.0
27.572378550677044,28.0,59.0,22.0,6.0,0.3549272783032431,2.0,-2.0
3.3452068061368276,5.0,39.0,17.0,6.0,0.2852855026371688,1.0,-5.0
40.86993507750125,37.0,69.0,23.0,6.0,0.32300578968451055,5.0,-3.0
7.213098859451502,9.0,47.0,38.0,3.0,0.44954600443905124,4.0,-1.0
14.38728610085667,13.0,22.0,11.0,8.0,0.5881879765900863,2.0,-1.0
5.72531998375406,7.0,55.0,13.0,1.0,0.22601181968646633,1.0,-3.0
0.5689770471482752,2.0,13.0,4.0,2.0,0.09698394336852734,1.0,-4.0
62.393383379051826,13.0,39.0,6.0,4.0,0.42148370605132557,4.0,-2.0
0.8663166955159477,1.0,14.0,11.0,9.0,0.8462936839989337,5.0,-5.0
86.65113258055685,87.0,87.0,77.0,0.0,0.05568959281394559,1.0,-1.0
34.803845234628064,26.0,43.0,38.0,2.0,0.13794736202562785,5.0,-2.0
298.4885413518043,44.0,51.0,40.0,0.0,0.5522845008106285,3.0,-4.0
6.82505848818505,8.0,62.0,45.0,6.0,0.8981642290517781,3.0,-2.0
2.64697752102146,3.0,27.0,8.0,5.0,0.23332898200990815,5.0,-3.0
1.1017596989237863,1.0,8.0,6.0,3.0,0.2846353992923275,3.0,-5.0
53.527747979623804,53.0,95.0,6.0,1.0,0.7325378083676499,3.0,-2.0
178.59071033150207,120.0,43.0,19.0,3.0,0.783596372335732,1.0,-3.0
214.30712873794778,186.0,87.0,76.0,6.0,0.13467319504280684,4.0,-1.0
105.05464909608412,66.0,76.0,29.0,5.0,0.346443434195319,5.0,-3.0
5.941865653908775,7.0,36.0,26.0,1.0,0.5261390128589768,5.0,-2.0
27.546782290498413,28.0,89.0,46.0,1.0,0.22773589594212096,3.0,-3.0
12.187566018657503,13.0,92.0,59.0,10.0,0.958239662918766,3.0,-4.0
14.14819581123406,13.0,21.0,20.0,9.0,0.11125785411926181,1.0,-1.0
2.4402544604578584,3.0,17.0,10.0,9.0,0.2951033352865232,1.0,-1.0
14.188331084423238,16.0,79.0,25.0,5.0,0.3700558490031981,3.0,-4.0
24.711214083334024,20.0,74.0,8.0,7.0,0.7784753633001542,4.0,-2.0
80.60991956868321,81.0,92.0,20.0,1.0,0.978638064360436,1.0,-4.0
6.8453229105064155,8.0,29.0,19.0,7.0,0.311744560596914,1.0,-3.0
122.80805394586812,18.0,21.0,16.0,4.0,0.5101784855295483,2.0,-2.0
0.8070779866435196,2.0,14.0,2.0,0.0,0.3152405911977585,3.0,-5.0
35.894826059404174,37.0,84.0,51.0,2.0,0.15872518842334404,2.0,-2.0
0.338998281180523,2.0,14.0,6.0,5.0,0.010026507203745427,2.0,-3.0
31.45426372740075,33.0,77.0,54.0,8.0,0.5462440844225771,3.0,-2.0
4.36349950848916,5.0,45.0,11.0,7.0,0.013884097224485914,5.0,-1.0
1.110234273701882,2.0,17.0,14.0,9.0,0.9503553996156482,3.0,-3.0
13.344300179517965,15.0,58.0,36.0,9.0,0.5212348525913021,5.0,-2.0
6.147811509186674,7.0,23.0,11.0,0.0,0.7074163007221211,4.0,-3.0
11.495734505981643,7.0,19.0,8.0,6.0,0.8261461094442799,2.0,-4.0
1.507768954194108,3.0,59.0,53.0,9.0,0.8541985052351699,5.0,-2.0
45.736222325971234,47.0,47.0,29.0,2.0,0.4645203814729194,2.0,-1.0
28.912955449213126,22.0,53.0,51.0,7.0,0.4956381710801725,1.0,-4.0
8.973833335086836,10.0,38.0,32.0,1.0,0.154551195208931,5.0,-5.0
4.185801670355008,5.0,31.0,11.0,1.0,0.9630095409459025,5.0,-1.0
10.097607868926447,11.0,73.0,65.0,8.0,0.6980667130236495,2.0,-2.0
12.882938568779164,14.0,44.0,37.0,3.0,0.22680842808130164,2.0,-4.0
5.0225579285238675,4.0,21.0,19.0,6.0,0.48868927454589306,5.0,-4.0
4.175256628880057,5.0,59.0,15.0,8.0,0.046208049598630896,5.0,-2.0
20.236837484851794,22.0,88.0,68.0,7.0,0.19856950204960966,5.0,-5.0
496.87241172772764,171.0,80.0,68.0,2.0,0.373433823878245,3.0,-2.0
2.325277238203265,4.0,45.0,12.0,1.0,0.044896882310424435,1.0,-5.0
21.407455108302713,22.0,28.0,3.0,0.0,0.7226058223412077,2.0,-1.0
2.8741129181421656,5.0,36.0,30.0,3.0,0.514600108560245,5.0,-1.0
61.6317468730053,42.0,73.0,20.0,2.0,0.4119936361926342,5.0,-4.0
4.192434600902744,6.0,31.0,8.0,3.0,0.4010536503428831,3.0,-4.0
6.874559225449814,8.0,69.0,35.0,1.0,0.9922530902912505,5.0,-2.0
0.8146206208571839,2.0,12.0,5.0,3.0,0.3089738833530873,1.0,-4.0
0.5730120997929047,1.0,14.0,12.0,9.0,0.9362909615527383,4.0,-4.0
52.992968802633115,54.0,82.0,75.0,2.0,0.15561468979082382,2.0,-2.0
7.358300788058119,9.0,30.0,15.0,4.0,0.3010179301761613,2.0,-3.0
5.130150946335491,6.0,49.0,45.0,4.0,0.9559408306633641,1.0,-4.0
57.84124249934338,60.0,54.0,25.0,4.0,0.7273874519544133,1.0,-4.0
24.875134678671618,23.0,46.0,40.0,0.0,0.3986614175379942,2.0,-4.0
59.3828903900713,60.0,85.0,28.0,1.0,0.5656960631146237,4.0,-3.0
56.929741596800234,42.0,63.0,40.0,10.0,0.4341293338979292,4.0,-4.0
0.2757555246619327,2.0,48.0,47.0,9.0,0.9377334332805405,4.0,-2.0
16.852558919106663,18.0,95.0,24.0,7.0,0.9125566715997416,5.0,-4.0
43.390586336568376,30.0,60.0,52.0,1.0,0.3138477610368511,5.0,-4.0
25.165586868247114,26.0,95.0,47.0,4.0,0.1614146769896334,5.0,-3.0
22.836160094428884,24.0,100.0,22.0,7.0,0.9026059232190332,4.0,-2.0
11.519095904640583,10.0,18.0,14.0,5.0,0.8368123686336477,1.0,-3.0
6.598239912154119,7.0,16.0,4.0,0.0,0.9395556067356542,2.0,-1.0
6.868414293341699,8.0,87.0,30.0,4.0,0.02383951796390249,5.0,-4.0
403.9222793340593,311.0,82.0,68.0,2.0,0.20915055731215593,3.0,-1.0
110.06763385348776,86.0,64.0,26.0,3.0,0.5575403786890132,3.0,-3.0
33.60909588152283,22.0,93.0,91.0,6.0,0.27454697151814067,4.0,-5.0
59.693904752675124,61.0,86.0,73.0,2.0,0.4526497081478901,1.0,-3.0
4.390320695743356,5.0,56.0,36.0,9.0,0.9506084302272556,5.0,-4.0
3.0537622442074106,4.0,19.0,11.0,4.0,0.28462426343777036,2.0,-4.0
37.73329541611923,40.0,62.0,26.0,7.0,0.3741164812768817,2.0,-2.0
68.16247103519048,69.0,69.0,38.0,2.0,0.5757992864431111,3.0,-3.0
40.20470118614616,24.0,73.0,2.0,0.0,0.6808518048362867,4.0,-3.0
8.541509467116049,10.0,53.0,35.0,4.0,0.1370664913579166,5.0,-5.0
15.014657483021503,16.0,48.0,19.0,6.0,0.06708969169958312,1.0,-1.0
5.24294002859876,3.0,17.0,12.0,9.0,0.6589438995654604,3.0,-3.0
1.4916869115296616,1.0,13.0,11.0,10.0,0.18994543385069396,5.0,-2.0
3.094734482354687,2.0,10.0,4.0,2.0,0.41921762547791086,4.0,-4.0
137.58950901583447,138.0,99.0,38.0,1.0,0.8144492518272349,1.0,-2.0
15.528109860566888,16.0,79.0,45.0,3.0,0.07380694789747744,1.0,-3.0
175.15780034077034,175.0,94.0,77.0,4.0,0.14580823711821833,3.0,-1.0
6.726748115301698,8.0,60.0,13.0,0.0,0.21348337184119626,2.0,-3.0
133.17419829397892,59.0,33.0,22.0,3.0,0.1714659442393519,4.0,-1.0
7.749425401183507,9.0,69.0,28.0,3.0,0.29565906060205127,1.0,-5.0
2.18974529358411,2.0,9.0,3.0,2.0,0.7175055882971769,5.0,-3.0
4.5109701826869415,6.0,69.0,56.0,9.0,0.7763726858534277,4.0,-1.0
23.096298803913964,24.0,73.0,50.0,8.0,0.030254469510625936,4.0,-2.0
28.83916269533084,30.0,46.0,30.0,7.0,0.5182670427366517,2.0,-1.0
40.258446003127524,41.0,71.0,37.0,0.0,0.020234549061297513,3.0,-1.0
5.702054361418634,6.0,26.0,18.0,10.0,0.800375388696085,3.0,-5.0
8.536354735261368,10.0,99.0,32.0,1.0,0.22807888610135885,1.0,-5.0
62.71608338970452,63.0,53.0,26.0,9.0,0.7152557887920686,1.0,-1.0
2.150094297638443,3.0,81.0,14.0,10.0,0.04653882632133832,1.0,-2.0
0.23720595275250708,1.0,11.0,10.0,8.0,0.8879636862855915,5.0,-2.0
555.0827010100767,113.0,81.0,68.0,8.0,0.48198466646176663,3.0,-3.0
40.92853162781817,26.0,52.0,48.0,4.0,0.48749255409359216,2.0,-4.0
11.526431217509183,12.0,43.0,42.0,1.0,0.4173514244110693,3.0,-2.0
4.036971050084457,5.0,81.0,20.0,1.0,0.04891684201358082,1.0,-5.0
13.122766810645478,11.0,28.0,24.0,8.0,0.356148985486499,2.0,-3.0
125.48957606427344,64.0,77.0,75.0,6.0,0.3386458595811327,2.0,-1.0
4.683582809548538,6.0,91.0,18.0,8.0,0.1729764837460438,2.0,-3.0
14.280859236768434,14.0,28.0,16.0,8.0,0.35995240434478415,2.0,-2.0
14.774188337317261,17.0,72.0,62.0,8.0,0.525265161990481,4.0,-3.0
16.052595466200533,19.0,51.0,40.0,9.0,0.2808745738673122,5.0,-1.0
0.5923094700374288,2.0,50.0,49.0,7.0,0.6697580887275046,4.0,-3.0
67.8577062661245,69.0,84.0,52.0,8.0,0.6216549044398442,2.0,-5.0
7.430029721436832,4.0,19.0,15.0,10.0,0.5897259757579739,3.0,-3.0
109.96316619904684,110.0,70.0,43.0,1.0,0.6227683820558908,1.0,-1.0
17.320726870056056,15.0,40.0,37.0,1.0,0.11519566073872067,5.0,-3.0
16.761023777488194,18.0,58.0,31.0,9.0,0.43514668672629875,5.0,-1.0
0.7364490744255308,1.0,7.0,4.0,3.0,0.2736888096482768,3.0,-3.0
80.304226588867,81.0,91.0,42.0,0.0,0.2109984176352846,5.0,-2.0
5.323602111596352,8.0,53.0,13.0,7.0,0.5532776526058696,2.0,-5.0
0.43263154404113907,1.0,11.0,9.0,8.0,0.9371452365363583,5.0,-1.0
434.7088577006844,125.0,96.0,22.0,6.0,0.5957469822089366,3.0,-4.0
8.566723328284281,9.0,86.0,31.0,10.0,0.10973086919556618,2.0,-3.0
0.7714572575549268,2.0,10.0,9.0,5.0,0.7654160314594838,2.0,-1.0
16.534860168619826,15.0,25.0,18.0,0.0,0.31856514240782896,3.0,-3.0
32.87613885759572,34.0,61.0,38.0,5.0,0.28517607017165336,4.0,-3.0
106.63739983190115,80.0,95.0,12.0,8.0,0.35566771157368393,4.0,-1.0
6.9893243077368,3.0,10.0,5.0,3.0,0.6192294557588176,3.0,-3.0
4.6040486189994185,5.0,13.0,5.0,2.0,0.26967991660122914,3.0,-2.0
55.77629278060127,35.0,44.0,17.0,6.0,0.7834395189732204,2.0,-5.0
45.98592975103033,47.0,43.0,32.0,9.0,0.49994900523904506,1.0,-2.0
0.3971018871094957,1.0,2.0,1.0,0.0,0.0688220859102796,4.0,-3.0
4.166894536376234,5.0,67.0,23.0,7.0,0.0178011103600082,5.0,-4.0
30.0760329425227,30.0,60.0,23.0,4.0,0.7787769295850514,3.0,-5.0
90.41796754089897,60.0,79.0,65.0,8.0,0.5461992904311067,3.0,-5.0
5.029799807703256,6.0,22.0,7.0,3.0,0.9974608639216657,3.0,-4.0
59.223456574710475,60.0,77.0,43.0,10.0,0.914819370453695,1.0,-4.0
1332.2943367010312,184.0,85.0,35.0,8.0,0.6729215407615067,2.0,-4.0
20.32812396930427,21.0,89.0,18.0,6.0,0.8985396203526791,4.0,-1.0
10.526772670723457,8.0,29.0,10.0,0.0,0.6804921659687956,5.0,-5.0
39.40377414022734,41.0,79.0,29.0,5.0,0.4669877118951803,5.0,-2.0
38.0291214234544,36.0,85.0,11.0,6.0,0.8494110273921389,3.0,-4.0
78.20181612393222,79.0,96.0,18.0,3.0,0.9993548227715953,1.0,-3.0
11.28893236918055,13.0,38.0,24.0,0.0,0.6550190879677518,4.0,-4.0
0.7456315192600559,2.0,30.0,28.0,1.0,0.95461286331288,3.0,-4.0
4.282518356701558,5.0,32.0,23.0,8.0,0.24956467392108794,1.0,-5.0
23.129618558375515,24.0,66.0,23.0,4.0,0.2723178051334537,5.0,-3.0
12.883275233784609,14.0,42.0,23.0,4.0,0.7821114657261236,3.0,-4.0
5.806153525448463,7.0,47.0,19.0,8.0,0.9704116324538429,5.0,-1.0
11.054197696379774,12.0,60.0,23.0,3.0,0.04768313926233747,2.0,-2.0
32.76035370703205,33.0,44.0,18.0,9.0,0.8968211123804055,1.0,-1.0
42.1422619500354,43.0,54.0,14.0,7.0,0.9745829738259505,1.0,-1.0
20.064222979932286,21.0,48.0,30.0,4.0,0.9485596082640013,1.0,-1.0
87.09359754945214,76.0,73.0,8.0,5.0,0.9492647033281469,1.0,-4.0
1.7994030755138706,3.0,11.0,10.0,0.0,0.5185799508751759,2.0,-1.0
0.29938431275312977,2.0,7.0,6.0,3.0,0.8900313952124099,4.0,-2.0
137.14270182333706,128.0,97.0,84.0,7.0,0.28770820615859094,3.0,-2.0
19.68411214745182,9.0,30.0,3.0,1.0,0.6245235156276984,4.0,-3.0
20.776729015442704,22.0,58.0,40.0,3.0,0.5732707779614505,3.0,-2.0
38.082649346905455,39.0,72.0,59.0,7.0,0.1269097560607324,3.0,-2.0
5.802200756152757,6.0,31.0,21.0,3.0,0.6359426634491676,5.0,-4.0
30.969603210567623,32.0,93.0,37.0,4.0,0.9616449304774519,2.0,-3.0
6.372861952009385,5.0,14.0,10.0,6.0,0.674467702890103,1.0,-4.0
60.447077846231714,61.0,35.0,24.0,6.0,0.3511094279380279,1.0,-1.0
0.7502459292979711,2.0,4.0,1.0,0.0,0.1667759327479018,2.0,-2.0
570.8455445976084,203.0,74.0,40.0,4.0,0.5873871311283066,2.0,-3.0
0.3422638840898327,2.0,9.0,8.0,4.0,0.9843444467763556,3.0,-2.0
3.507437533097624,4.0,74.0,66.0,6.0,0.910108427609498,3.0,-5.0
52.713932000944176,29.0,38.0,36.0,5.0,0.3459802113285989,2.0,-1.0
3.6424333586941615,4.0,18.0,14.0,10.0,0.3006110104524531,1.0,-2.0
11.293612383448037,12.0,53.0,50.0,8.0,0.040154803896614744,3.0,-4.0
12.960704187469108,14.0,60.0,55.0,8.0,0.053379118469268794,3.0,-4.0
197.37492412060686,13.0,25.0,24.0,5.0,0.2010132999462373,4.0,-1.0
3.4955829563540277,3.0,4.0,3.0,0.0,0.028354810201439595,4.0,-1.0
303.13250181959324,1.0,5.0,4.0,3.0,0.8006597774860811,1.0,-4.0
0.23182611676506204,1.0,8.0,5.0,4.0,0.07626912889417259,4.0,-5.0
125.32343689000696,45.0,45.0,23.0,4.0,0.3107922537372625,5.0,-2.0
63.548199373876244,66.0,63.0,29.0,4.0,0.6516494556638959,1.0,-3.0
1.464441552665236,1.0,4.0,2.0,1.0,0.05285764071862609,5.0,-1.0
87.11572300270372,48.0,50.0,28.0,6.0,0.32179109291428565,5.0,-2.0
5.267483175882087,7.0,77.0,65.0,9.0,0.7278127826766242,5.0,-5.0
109.95353081999643,107.0,49.0,36.0,5.0,0.5726875715319237,1.0,-2.0
6.315948300512269,3.0,15.0,13.0,10.0,0.631252986200161,1.0,-3.0
6.895149878608817,7.0,15.0,9.0,7.0,0.9567256262557402,1.0,-2.0
7.374476701553508,9.0,96.0,69.0,10.0,0.851252970853921,5.0,-4.0
64.31849873408409,59.0,85.0,38.0,4.0,0.636748716543544,4.0,-5.0
16.620176906115155,17.0,54.0,6.0,5.0,0.9860069877049495,3.0,-5.0
15.78117640105375,18.0,94.0,14.0,8.0,0.5239600414123834,2.0,-3.0
15.907533350604739,16.0,56.0,47.0,4.0,0.14409757906470622,5.0,-4.0
2.693697161586316,4.0,27.0,18.0,7.0,0.8901888037220874,4.0,-2.0
48.231985569815286,49.0,69.0,50.0,9.0,0.3833138976440372,1.0,-2.0
14.942402275456931,13.0,43.0,27.0,10.0,0.4291442293130938,4.0,-5.0
4.610374783596666,4.0,17.0,13.0,2.0,0.2614076834027226,5.0,-5.0
4.797460730708867,4.0,14.0,9.0,2.0,0.7552772518802151,3.0,-5.0
0.6799113615120016,2.0,13.0,11.0,8.0,0.7883119810065702,4.0,-1.0
9.22044301227285,10.0,28.0,19.0,7.0,0.17463602388661192,2.0,-2.0
49.78543246107347,46.0,67.0,39.0,5.0,0.5396336631036998,3.0,-5.0
31.16175309419938,33.0,95.0,67.0,6.0,0.173745355855504,3.0,-3.0
109.30793063254137,112.0,96.0,57.0,8.0,0.38793127882751144,2.0,-2.0
22.603342798248804,6.0,12.0,7.0,1.0,0.6224254228415509,2.0,-4.0
6.614925560390254,3.0,12.0,5.0,2.0,0.60582129664339,5.0,-5.0
2.539485392313568,3.0,21.0,15.0,4.0,0.8406708518742227,3.0,-1.0
7.76363972169627,8.0,20.0,5.0,1.0,0.3711944351042721,2.0,-2.0
108.3812706222496,107.0,68.0,53.0,5.0,0.11142381017602487,4.0,-1.0
0.5013439818543511,1.0,3.0,2.0,0.0,0.0013403789643391395,4.0,-4.0
4.2939884485959094,4.0,20.0,11.0,10.0,0.6826589120946094,4.0,-2.0
0.45809562772856305,2.0,21.0,8.0,6.0,0.10568322458607315,1.0,-5.0
9.691457224630431,11.0,84.0,41.0,1.0,0.12466481602047741,2.0,-5.0
3.7303990764925405,4.0,12.0,7.0,2.0,0.3319321661048027,2.0,-3.0
2.635300579602799,3.0,12.0,8.0,1.0,0.9035706841913944,2.0,-3.0
455.9994617777898,6.0,28.0,25.0,2.0,0.6186951679969285,3.0,-5.0
86.9617140190168,64.0,44.0,5.0,0.0,0.36211830527935396,3.0,-1.0
13.808660751196483,9.0,34.0,10.0,9.0,0.6545969468241957,2.0,-4.0
18.83569824228204,20.0,73.0,20.0,7.0,0.976725745166607,3.0,-5.0
35.7312866116382,37.0,75.0,59.0,10.0,0.6047754659542542,1.0,-5.0
7.23087815022129,8.0,73.0,51.0,7.0,0.8404178935335981,4.0,-2.0
26.256975285986016,27.0,91.0,25.0,1.0,0.9027235565493775,3.0,-2.0
36.60416212778954,37.0,63.0,52.0,2.0,0.2723391863405953,3.0,-3.0
6.5547880868822554,9.0,95.0,3.0,0.0,0.3855798249983192,2.0,-2.0
6.341765465888812,7.0,59.0,50.0,6.0,0.8063877242811612,2.0,-1.0
12.596801650768093,14.0,54.0,33.0,4.0,0.18864759127848651,5.0,-4.0
17.255382770950295,18.0,73.0,11.0,2.0,0.949135212059581,4.0,-4.0
2.76806093029282,4.0,29.0,24.0,5.0,0.9354395400382406,2.0,-1.0
4.839846920411052,6.0,30.0,10.0,4.0,0.44007284224753873,1.0,-3.0
8.136810328316233,9.0,79.0,11.0,0.0,0.3296237823875574,2.0,-3.0
17.601555106071853,14.0,44.0,41.0,8.0,0.16073795102492083,4.0,-3.0
0.4330836606332047,2.0,18.0,10.0,9.0,0.2113721634816712,4.0,-4.0
12.462935950595103,12.0,20.0,18.0,4.0,0.2922230616312228,1.0,-2.0
63.46098636886056,64.0,99.0,57.0,2.0,0.8309119697248263,1.0,-1.0
6.232512728581252,8.0,59.0,12.0,5.0,0.21921437208225902,2.0,-2.0
21.274141996015494,22.0,78.0,25.0,7.0,0.05130080759745359,2.0,-1.0
5.542160668485146,5.0,24.0,19.0,10.0,0.2293474351024185,3.0,-3.0
3.9674720655471694,5.0,27.0,20.0,3.0,0.11919261941690729,1.0,-5.0
10.754711925091703,12.0,60.0,16.0,5.0,0.49429812540268936,1.0,-3.0
20.954378278368985,19.0,36.0,3.0,1.0,0.9392642677726593,2.0,-5.0
29.810883636231225,31.0,62.0,46.0,10.0,0.558477471253172,1.0,-4.0
39.12096283401456,26.0,94.0,4.0,0.0,0.70006187498747,5.0,-4.0
33.232032008399955,33.0,75.0,67.0,10.0,0.2141312334557599,3.0,-3.0
17.32621012751246,17.0,79.0,5.0,2.0,0.13780865349931826,5.0,-1.0
60.41134312036679,31.0,57.0,11.0,6.0,0.3195390144142364,4.0,-2.0
2.1381947775134624,3.0,61.0,51.0,10.0,0.9596053002961886,5.0,-3.0
26.2064860075171,27.0,52.0,38.0,0.0,0.1833257615551097,1.0,-2.0
41.43427209053,43.0,100.0,27.0,2.0,0.6802609334765944,4.0,-3.0
250.40000318870767,251.0,93.0,39.0,7.0,0.7385516497768096,1.0,-2.0
19.603020164236682,19.0,37.0,20.0,7.0,0.6445355516443535,3.0,-3.0
44.45992998956283,45.0,73.0,62.0,10.0,0.20760187874673197,2.0,-2.0
2.02362503349302,3.0,30.0,27.0,4.0,0.7832125835247564,3.0,-4.0
5074.546423625264,812.0,87.0,14.0,5.0,0.5071927610771416,1.0,-1.0
15.990339317295154,17.0,41.0,33.0,7.0,0.12467274804526518,1.0,-2.0
26.566731741116392,28.0,92.0,15.0,8.0,0.7796723567681442,4.0,-1.0
48.00032757663366,48.0,82.0,22.0,9.0,0.8749985782361193,2.0,-4.0
2.1072254558797385,4.0,47.0,42.0,7.0,0.674557668810295,4.0,-1.0
11.447053304756658,5.0,16.0,13.0,2.0,0.2912934296321219,4.0,-3.0
37.354322124739085,2.0,16.0,15.0,10.0,0.7165366702191566,1.0,-3.0
12.090321374177169,13.0,37.0,13.0,5.0,0.9950196320190419,2.0,-1.0
2.428115195355254,1.0,15.0,11.0,9.0,0.5210526141929585,5.0,-2.0
266.4809790034853,81.0,61.0,57.0,3.0,0.13289314919590456,5.0,-1.0
6.817529500840519,7.0,27.0,23.0,3.0,0.17773099973301076,2.0,-4.0
0.4130741614374553,1.0,7.0,6.0,5.0,0.1447818010934746,1.0,-3.0
1.0282211208218763,3.0,50.0,5.0,3.0,0.2935561567033137,3.0,-4.0
25.908248020557924,26.0,60.0,21.0,1.0,0.7508853549202678,3.0,-3.0
14.951002363563033,17.0,68.0,44.0,8.0,0.2592134686050528,5.0,-5.0
37.00378597723826,37.0,66.0,11.0,5.0,0.20946360729351643,3.0,-1.0
1.018763874622544,2.0,10.0,5.0,4.0,0.20368365527870647,3.0,-2.0
3.2996840641094876,4.0,72.0,64.0,9.0,0.5707457564910347,5.0,-1.0
4.763902283878158,6.0,51.0,33.0,8.0,0.8642683368799242,5.0,-4.0
1.7712910481175683,3.0,34.0,8.0,5.0,0.5510533542574085,1.0,-5.0
19.097019477178357,2.0,12.0,10.0,9.0,0.7015761281909301,1.0,-2.0
1527.0437838717805,604.0,77.0,56.0,2.0,0.6548791853972289,1.0,-2.0
20.140209369055167,22.0,62.0,29.0,7.0,0.3179429717200264,3.0,-3.0
15.86038883021191,16.0,36.0,18.0,2.0,0.24779937346929748,2.0,-2.0
56.895454394265094,61.0,82.0,24.0,2.0,0.7688876459633375,1.0,-5.0
5.731506787529354,7.0,27.0,17.0,2.0,0.624123648768885,4.0,-2.0
9.774411884811567,11.0,41.0,34.0,4.0,0.15512693835119773,2.0,-4.0
25.216411664210373,25.0,33.0,10.0,5.0,0.26723881168368224,2.0,-1.0
0.4257571338200416,2.0,56.0,55.0,8.0,0.8914594810691137,3.0,-3.0
71.37822285701704,72.0,78.0,65.0,4.0,0.0484658692881087,2.0,-1.0
2.9138475712172056,3.0,16.0,4.0,2.0,0.38560371632820534,3.0,-3.0
9.481895204059178,10.0,40.0,14.0,7.0,0.13087548167568253,1.0,-1.0
22.159557531494443,23.0,69.0,48.0,2.0,0.6579453919612609,3.0,-3.0
100.15415726406279,43.0,65.0,26.0,7.0,0.5988221902286248,4.0,-5.0
9.765819372201637,11.0,80.0,21.0,10.0,0.1456037365161007,4.0,-2.0
3.057613308431644,3.0,16.0,15.0,6.0,0.22850308059333257,4.0,-5.0
8.787573062396103,5.0,11.0,10.0,6.0,0.27240587522868787,1.0,-1.0
17.728870085323173,19.0,77.0,17.0,8.0,0.7691872047540851,5.0,-2.0
1.8418454687220747,3.0,20.0,18.0,7.0,0.5143112378285511,4.0,-2.0
52.734655733650555,53.0,100.0,52.0,0.0,0.002786235060909914,4.0,-1.0
175.9216370887279,34.0,61.0,4.0,2.0,0.7206679831460522,2.0,-4.0
2.6038989425657943,4.0,37.0,30.0,3.0,0.8126109101553927,4.0,-3.0
1.1630067918970897,1.0,7.0,5.0,1.0,0.6355200458686929,5.0,-4.0
18.64925580772648,20.0,83.0,25.0,2.0,0.7637554589173627,5.0,-3.0
1.5597230614426747,3.0,50.0,44.0,4.0,0.9781195363938763,4.0,-3.0
28.45838731856941,26.0,60.0,54.0,5.0,0.1597734683123323,5.0,-3.0
52.04257034732013,47.0,66.0,8.0,6.0,0.7048240803181022,2.0,-1.0
3.893236603045161,5.0,39.0,21.0,8.0,0.9581558377966147,5.0,-4.0
0.2648831601606803,2.0,14.0,13.0,3.0,0.8639166035794766,5.0,-4.0
13.95873682466323,15.0,95.0,61.0,3.0,0.8261944984076729,4.0,-5.0
15.505675692537807,16.0,86.0,64.0,4.0,0.903139216420256,2.0,-4.0
30.79682056674123,27.0,59.0,53.0,9.0,0.22446872673270402,4.0,-3.0
11.44582125678837,12.0,21.0,14.0,1.0,0.17284286189093045,3.0,-2.0
3.0905747184976806,4.0,20.0,12.0,5.0,0.9485644147396951,3.0,-5.0
14.900702535485506,15.0,56.0,30.0,4.0,0.06377895709813175,2.0,-2.0
5.820608287156153,6.0,27.0,11.0,7.0,0.1042622006347994,2.0,-1.0
4.884819306603147,6.0,50.0,33.0,10.0,0.041647878680872275,2.0,-5.0
32.676719281503736,32.0,36.0,21.0,3.0,0.3622872767234264,2.0,-2.0
11.129982030240638,12.0,59.0,14.0,10.0,0.8633047446300974,5.0,-2.0
7.685444266959963,9.0,47.0,36.0,5.0,0.16106684005091165,1.0,-5.0
27.707074205750136,29.0,90.0,24.0,9.0,0.6764126266807544,4.0,-1.0
15.451172637716004,17.0,76.0,39.0,3.0,0.23858282156596677,3.0,-4.0
13.961677915530215,3.0,21.0,10.0,8.0,0.5319856575863612,5.0,-4.0
9.732742642698446,11.0,39.0,21.0,9.0,0.64157121756945,4.0,-2.0
113.7273280439885,79.0,76.0,45.0,10.0,0.4675116859813143,4.0,-3.0
0.8487291417054869,2.0,11.0,9.0,7.0,0.4405892681731416,1.0,-5.0
615.239099066941,228.0,99.0,16.0,10.0,0.2837267251568846,3.0,-1.0
2.029139444020646,1.0,14.0,9.0,7.0,0.6377283951391117,5.0,-2.0
14.728554582842426,16.0,67.0,23.0,1.0,0.6645657165758868,5.0,-1.0
17.82908775251834,2.0,15.0,8.0,6.0,0.4887823761497977,5.0,-5.0
2.5672413768856095,1.0,11.0,9.0,8.0,0.6421162600623542,4.0,-5.0
70.35003570440612,14.0,30.0,7.0,2.0,0.7041324043814099,2.0,-5.0
36.16006390051619,38.0,86.0,29.0,1.0,0.4608092978840106,3.0,-4.0
117.8019169193698,114.0,75.0,29.0,1.0,0.5524625732208335,2.0,-3.0
7.462190108123187,8.0,86.0,28.0,0.0,0.04129172994579311,2.0,-4.0
29.85479269949042,31.0,91.0,36.0,10.0,0.8346071818523835,3.0,-4.0
9.080276393227413,10.0,22.0,9.0,4.0,0.4863348963627614,4.0,-1.0
16.364151088401258,17.0,90.0,46.0,0.0,0.9555434730667954,3.0,-4.0
21.247250046313226,21.0,48.0,43.0,3.0,0.7058874284836968,2.0,-4.0
3.132801301029372,4.0,38.0,13.0,9.0,0.4653984319606511,3.0,-5.0
1.0036038887642038,2.0,9.0,7.0,2.0,0.8561168721744986,3.0,-4.0
15.183154922288425,11.0,23.0,12.0,3.0,0.6296054029607673,2.0,-5.0
12.186080548990386,13.0,79.0,36.0,4.0,0.19629330516715537,3.0,-4.0
19.67964554169856,11.0,22.0,3.0,1.0,0.8522092205061136,2.0,-5.0
87.73345245436386,8.0,23.0,11.0,10.0,0.7977203678368404,1.0,-4.0
22.583536847284655,18.0,42.0,20.0,0.0,0.5974160962862873,5.0,-5.0
30.757085312408513,19.0,42.0,26.0,3.0,0.42522048247945987,5.0,-5.0
98.29667771270738,90.0,83.0,14.0,4.0,0.5403913165848127,3.0,-2.0
0.2648149513226142,1.0,10.0,9.0,5.0,0.9720277287052315,4.0,-4.0
105.57342413414544,100.0,89.0,34.0,2.0,0.24241334507585433,5.0,-2.0
0.4173869108658365,2.0,8.0,3.0,2.0,0.120828289547663,2.0,-3.0
2.572417983765917,3.0,17.0,14.0,6.0,0.23626068690592805,3.0,-5.0
4.097927482248606,3.0,15.0,13.0,9.0,0.33731613857137976,3.0,-3.0
2.2396682590740835,3.0,11.0,8.0,3.0,0.8348710225102992,2.0,-2.0
38.57499466512033,41.0,74.0,49.0,9.0,0.7746813716028201,2.0,-4.0
8.268832630141725,7.0,18.0,16.0,10.0,0.05487673367269108,4.0,-1.0
14.938362515930269,18.0,68.0,11.0,2.0,0.5662540546149508,2.0,-4.0
0.509225501383699,2.0,21.0,6.0,5.0,0.012077820610097656,1.0,-2.0
4.0358198354258255,5.0,33.0,22.0,9.0,0.9313981079781881,3.0,-1.0
10.81952782425202,12.0,66.0,23.0,0.0,0.14570234527786874,3.0,-3.0
1152.92352815638,78.0,46.0,17.0,7.0,0.20503068925072132,4.0,-1.0
11.886157047319122,13.0,61.0,36.0,10.0,0.35157268559874655,3.0,-5.0
5.134037033641269,6.0,27.0,14.0,10.0,0.7903029168668482,4.0,-3.0
23.365541134115578,24.0,81.0,70.0,2.0,0.017946285860125033,2.0,-3.0
14.391719685918073,14.0,58.0,9.0,8.0,0.9149622249992745,4.0,-3.0
3.3109424228090387,4.0,42.0,27.0,2.0,0.9329188786105646,5.0,-2.0
5.23163568822171,6.0,46.0,23.0,7.0,0.21574256326708374,4.0,-5.0
68.56728506183374,68.0,56.0,23.0,7.0,0.2962558163714393,4.0,-1.0
15.373525959733426,16.0,87.0,43.0,4.0,0.11579285548823681,1.0,-3.0
30.796979605843813,34.0,100.0,79.0,6.0,0.28031417511700396,5.0,-1.0
25.056171595199956,26.0,90.0,33.0,7.0,0.39246629995956084,2.0,-3.0
5.148380385104952,6.0,32.0,30.0,7.0,0.07608223281407378,2.0,-5.0
29.02784535590345,30.0,74.0,15.0,10.0,0.27591719905839607,2.0,-1.0
3.1583895978713246,5.0,67.0,61.0,4.0,0.6124627881580794,5.0,-3.0
46.16223478306712,40.0,36.0,25.0,4.0,0.847658004651174,1.0,-4.0
1.3242690870767266,3.0,82.0,10.0,4.0,0.05864984705971177,3.0,-5.0
96.50876932181204,95.0,94.0,44.0,1.0,0.5025839477761759,4.0,-3.0
25.827515696632464,26.0,68.0,46.0,4.0,0.9259023643313182,1.0,-1.0
0.9079708019201801,2.0,6.0,4.0,3.0,0.2995476661124652,1.0,-2.0
86.25771147472946,87.0,88.0,28.0,5.0,0.9391179964647635,1.0,-4.0
16.828768938261362,18.0,31.0,19.0,3.0,0.42826615904026666,3.0,-1.0
10.92291012885959,12.0,79.0,43.0,7.0,0.07824166946861288,5.0,-4.0
85.48007356115887,32.0,65.0,10.0,6.0,0.37763211556408416,5.0,-2.0
4.976888201963981,1.0,13.0,11.0,8.0,0.29965171312226435,5.0,-3.0
4.5734923775072795,5.0,31.0,18.0,3.0,0.10289009667438842,3.0,-4.0
5.3333190070436025,6.0,27.0,21.0,1.0,0.7656253777449822,3.0,-5.0
38.75890868551952,20.0,64.0,13.0,9.0,0.7017585024095199,4.0,-5.0
3.727694722713475,4.0,15.0,12.0,9.0,0.06507102260632269,2.0,-1.0
0.3869006349421501,1.0,4.0,3.0,2.0,0.2358928410005835,2.0,-4.0
507.11564539211423,11.0,46.0,11.0,9.0,0.3448362979654398,4.0,-2.0
12.462363256476117,14.0,100.0,63.0,2.0,0.011695804536367649,4.0,-5.0
6.451727364266212,5.0,26.0,15.0,10.0,0.5881212189181503,5.0,-3.0
3.131556718170898,4.0,25.0,11.0,5.0,0.9338274961924217,5.0,-3.0
88.13344907888899,40.0,58.0,39.0,9.0,0.45745088795238975,4.0,-4.0
13.044503088038073,14.0,93.0,68.0,3.0,0.0018953529798770852,4.0,-5.0
0.43516225261803876,2.0,47.0,45.0,1.0,0.9595986871488803,5.0,-5.0
57.36578715588468,59.0,80.0,57.0,9.0,0.5408160840294681,1.0,-3.0
5.0747997907553195,6.0,37.0,26.0,6.0,0.009826304332449465,2.0,-4.0
790.0482566202498,15.0,55.0,54.0,3.0,0.6559078301920921,2.0,-4.0
3.1563026089095034,4.0,48.0,2.0,0.0,0.18317359774780972,1.0,-1.0
10.013998876731298,11.0,49.0,23.0,5.0,0.6566236257299206,5.0,-2.0
78.89831906790576,51.0,60.0,27.0,9.0,0.6311799802035575,3.0,-4.0
263.38536414003113,4.0,16.0,14.0,8.0,0.39544393818571477,3.0,-2.0
146.5598046724165,38.0,48.0,17.0,8.0,0.5352529581914697,3.0,-3.0
20.589250534507887,21.0,80.0,12.0,9.0,0.7171157135777477,5.0,-1.0
4.927448187035147,6.0,84.0,22.0,9.0,0.05167393789272845,4.0,-3.0
1.2546795799517625,3.0,85.0,79.0,4.0,0.9688710620251035,5.0,-2.0
2.8798463098811276,3.0,13.0,5.0,3.0,0.796321003459511,4.0,-2.0
13.833051659866955,10.0,37.0,26.0,8.0,0.5327996571823673,5.0,-4.0
48.04338795521779,47.0,73.0,59.0,6.0,0.5566900722280381,2.0,-5.0
38.89275853100207,41.0,46.0,18.0,2.0,0.6471530909330709,1.0,-3.0
112.12059677875614,96.0,85.0,83.0,6.0,0.10441315805711848,2.0,-1.0
16.959463140776673,18.0,76.0,62.0,8.0,0.10199211826637589,4.0,-4.0
1601.23196892951,100.0,70.0,63.0,1.0,0.8268799689652452,1.0,-5.0
14.36102756310007,15.0,91.0,71.0,7.0,0.8481645013235157,2.0,-2.0
23.102026963316725,11.0,30.0,6.0,0.0,0.5598744312114505,5.0,-4.0
7.19887976633583,8.0,89.0,84.0,7.0,0.8981841694954417,1.0,-2.0
18.82198156171561,19.0,35.0,17.0,10.0,0.9890821596145389,1.0,-3.0
4.649484621926405,6.0,81.0,74.0,2.0,0.8351810698178497,2.0,-1.0
14.55817363592494,6.0,17.0,6.0,4.0,0.5511178568835792,3.0,-2.0
4.026426013719798,5.0,30.0,18.0,3.0,0.9950776420025317,3.0,-1.0
39.41718771417501,40.0,69.0,25.0,0.0,0.7054214379697865,2.0,-1.0
2.732828108478308,4.0,23.0,11.0,5.0,0.898509256325055,5.0,-1.0
13.320569139724697,15.0,41.0,25.0,1.0,0.5251437347774868,5.0,-3.0
271.73110063713176,63.0,83.0,28.0,9.0,0.5780451090029979,4.0,-5.0
13.060234203804622,14.0,90.0,54.0,2.0,0.0030746872715383677,2.0,-4.0
31.800773620596136,33.0,59.0,24.0,8.0,0.6834336926179465,3.0,-3.0
24.635376665859223,3.0,9.0,6.0,2.0,0.30627197861126154,4.0,-2.0
14.868158430820253,16.0,62.0,41.0,5.0,0.9020690546816369,2.0,-4.0
5.00256267004931,6.0,37.0,28.0,8.0,0.7598155822768048,3.0,-2.0
16.15139106374946,16.0,57.0,28.0,9.0,0.6795510980171129,5.0,-5.0
18.691716432462723,15.0,50.0,47.0,1.0,0.19237710079884784,4.0,-4.0
19.38947106359634,20.0,94.0,22.0,10.0,0.9522259251240376,4.0,-2.0
14.364637914997457,10.0,22.0,16.0,10.0,0.8835384788047553,1.0,-4.0
69.98683650357201,16.0,38.0,36.0,6.0,0.5142695926869938,2.0,-3.0
3.873519049784467,5.0,35.0,23.0,5.0,0.039229193326541734,4.0,-5.0
8.334598898987725,9.0,56.0,33.0,9.0,0.22408746261526968,1.0,-4.0
363.5125370130959,131.0,55.0,11.0,9.0,0.5605206086721775,1.0,-1.0
32.39788338963235,34.0,95.0,45.0,4.0,0.6159234107936286,5.0,-4.0
21.73752652252612,24.0,60.0,49.0,4.0,0.5843395559027146,3.0,-3.0
6.993543943517866,8.0,31.0,23.0,10.0,0.04704757678452087,1.0,-2.0
1.2331838654325806,2.0,17.0,13.0,2.0,0.7072727233578243,5.0,-1.0
3.301036040522873,4.0,33.0,18.0,10.0,0.9430034925347275,5.0,-3.0
56.97151278939135,49.0,100.0,92.0,2.0,0.4275328896989574,3.0,-5.0
2.524320175450086,1.0,5.0,4.0,2.0,0.4582439253234699,3.0,-4.0
24.44954526744334,26.0,73.0,45.0,1.0,0.35559728085509057,4.0,-5.0
3.1662635911021786,4.0,73.0,71.0,2.0,0.8158296747024462,1.0,-1.0
20.019780495753352,21.0,71.0,45.0,8.0,0.8246788845351625,2.0,-2.0
15.97583263163875,17.0,57.0,22.0,4.0,0.2676140230502866,4.0,-3.0
8.428990632776332,7.0,12.0,9.0,4.0,0.4689363880036683,1.0,-2.0
11.724742234655285,12.0,64.0,27.0,5.0,0.017660875246320318,5.0,-2.0
58.9215664122836,36.0,70.0,15.0,5.0,0.5481604771844889,5.0,-4.0
0.9714028399107411,1.0,15.0,10.0,7.0,0.19116829015286185,5.0,-5.0
6.502396812650642,3.0,8.0,4.0,0.0,0.19783460259238872,5.0,-2.0
41.84686099048846,41.0,85.0,77.0,5.0,0.37990680664448895,2.0,-4.0
2.936648242537339,4.0,51.0,38.0,8.0,0.9044692523773105,5.0,-1.0
27.078451187033142,24.0,95.0,91.0,9.0,0.10797353448804037,5.0,-4.0
141.89873417058203,64.0,45.0,13.0,3.0,0.8215878679744733,1.0,-5.0
3.359046947434307,4.0,20.0,15.0,0.0,0.9269310644292414,2.0,-5.0
16.524458117978458,18.0,74.0,59.0,4.0,0.2089500484121738,3.0,-5.0
139.3158055686541,28.0,29.0,15.0,7.0,0.850081851735888,1.0,-5.0
4.946282392414473,5.0,22.0,21.0,5.0,0.12754122757806607,2.0,-4.0
1.029303603980125,2.0,48.0,3.0,2.0,0.20569386988772087,3.0,-2.0
5.595184569350021,6.0,56.0,32.0,7.0,0.07598173571947098,2.0,-5.0
2.464713177503488,4.0,92.0,84.0,1.0,0.7807267227389524,5.0,-3.0
5.142336979363816,6.0,39.0,12.0,2.0,0.3819198586136524,3.0,-5.0
0.5461570870422492,2.0,35.0,9.0,8.0,0.29225623738786954,1.0,-3.0
18.744842232377653,20.0,33.0,27.0,4.0,0.440029350040555,2.0,-1.0
17.3447430611812,19.0,82.0,69.0,8.0,0.6785009478017492,3.0,-4.0
16.70433745120191,18.0,93.0,48.0,4.0,0.9234777738335584,3.0,-1.0
4.118321879099434,5.0,61.0,20.0,8.0,0.12068797943863063,5.0,-4.0
8.148038614026547,9.0,73.0,38.0,9.0,0.1440861246033177,5.0,-5.0
9.727036917223561,11.0,73.0,45.0,5.0,0.7348218069680179,5.0,-3.0
8.119682393578243,6.0,23.0,8.0,1.0,0.6497069887016943,5.0,-4.0
1033.9503034336592,447.0,75.0,25.0,9.0,0.6827860745447031,1.0,-2.0
36.263117232517544,38.0,86.0,71.0,10.0,0.21964167885848207,3.0,-3.0
98.63617438546271,20.0,72.0,71.0,3.0,0.6157996793719612,2.0,-5.0
2.3429984994947777,3.0,24.0,21.0,10.0,0.8972015073021595,2.0,-5.0
4.950489741399112,6.0,88.0,71.0,3.0,0.8042504602583885,5.0,-3.0
37.599708204250206,39.0,48.0,27.0,10.0,0.7579781386083632,1.0,-5.0
8.206243278350547,9.0,35.0,29.0,9.0,0.8655753184791031,1.0,-1.0
2.799010091597815,3.0,9.0,8.0,1.0,0.8393172914061512,1.0,-3.0
1.7771486887190493,3.0,47.0,18.0,10.0,0.055378561626256984,4.0,-5.0
2.1543835212031057,3.0,54.0,44.0,0.0,0.9402831793551429,5.0,-1.0
19.114643051602737,20.0,67.0,40.0,5.0,0.9020882744807179,2.0,-4.0
4.475186050279922,6.0,84.0,79.0,7.0,0.73103885494763,3.0,-4.0
136.78987383329311,46.0,67.0,17.0,5.0,0.5456905165920171,4.0,-4.0
65.2133233864835,66.0,50.0,39.0,7.0,0.16976757540605825,2.0,-1.0
3.823531153810274,5.0,84.0,73.0,3.0,0.7346152207704042,5.0,-3.0
136.28319376236678,24.0,60.0,57.0,10.0,0.6650185557394211,2.0,-5.0
19.041308467452396,20.0,64.0,58.0,7.0,0.08040315891138616,1.0,-3.0
94.90078323489585,97.0,73.0,24.0,5.0,0.599930301407623,1.0,-2.0
46.45168052149174,47.0,75.0,60.0,2.0,0.8307290491517307,1.0,-3.0
184.56769021949302,125.0,78.0,24.0,7.0,0.7154292642225929,2.0,-4.0
154.64902993952174,149.0,63.0,47.0,7.0,0.7011533578241801,1.0,-2.0
7.453494393602113,8.0,63.0,36.0,8.0,0.03042159621072371,4.0,-4.0
31.896001129139606,1.0,13.0,12.0,10.0,0.6062703785088998,2.0,-3.0
5.919702609581139,7.0,29.0,6.0,3.0,0.8142217190318004,5.0,-1.0
3.2384951534890205,3.0,17.0,15.0,7.0,0.3613881218264895,2.0,-5.0
0.85044225346606,2.0,28.0,25.0,2.0,0.9475084858983284,4.0,-5.0
10.220893041603048,11.0,73.0,43.0,3.0,0.7935164263816109,5.0,-5.0
215.29859488158502,173.0,66.0,63.0,5.0,0.36530334758594174,1.0,-1.0
2.4867447386747576,2.0,5.0,1.0,0.0,0.9217057173412733,2.0,-3.0
13.262254329743904,13.0,39.0,36.0,3.0,0.06396690581866904,5.0,-3.0
51.738780934848315,52.0,90.0,23.0,4.0,0.37611008979919003,4.0,-3.0
10.058140751678488,10.0,27.0,14.0,8.0,0.48069365605171654,2.0,-3.0
43.458966599457455,5.0,17.0,6.0,2.0,0.406639040400403,5.0,-3.0
4.222415313462952,7.0,48.0,44.0,4.0,0.6578875163087426,3.0,-3.0
54.83439089313018,55.0,45.0,16.0,9.0,0.4361714438148616,1.0,-1.0
18.79277843484644,19.0,21.0,7.0,1.0,0.8724835060589166,1.0,-1.0
6.242621627117602,7.0,89.0,18.0,9.0,0.1860993378751592,1.0,-2.0
2.7613626946055576,4.0,59.0,52.0,10.0,0.5891633814031266,5.0,-1.0
23.0543076145513,7.0,11.0,8.0,4.0,0.7100425084711208,1.0,-2.0
123.50938171391748,3.0,17.0,11.0,7.0,0.5783684722300202,3.0,-4.0
43.96986490798822,45.0,65.0,53.0,0.0,0.19865725019335212,2.0,-2.0
0.44812610003092607,2.0,75.0,11.0,10.0,0.19212131365982255,1.0,-3.0
3.5515437572460034,4.0,22.0,13.0,5.0,0.2912430693611252,2.0,-4.0
558.6594683696054,22.0,36.0,34.0,7.0,0.20071599967895892,4.0,-1.0
2.7007087973084176,4.0,29.0,17.0,6.0,0.9072130010190564,5.0,-1.0
146.7555134851717,125.0,99.0,96.0,0.0,0.44861693728983265,1.0,-2.0
7.046116869543709,8.0,42.0,25.0,9.0,0.8825352833269393,3.0,-2.0
27.77342475296238,27.0,43.0,25.0,1.0,0.8068716518969661,2.0,-5.0
9.273774738602013,10.0,50.0,18.0,10.0,0.8901181213039445,4.0,-1.0
4.791604169590021,5.0,33.0,17.0,9.0,0.9055962838841027,4.0,-3.0
25.160708381121736,26.0,59.0,26.0,8.0,0.32637126264295524,4.0,-3.0
0.48684125725663824,2.0,69.0,68.0,1.0,0.842342938652811,3.0,-3.0
53.85379759475189,54.0,68.0,61.0,10.0,0.017663858583855885,2.0,-1.0
28.635165418997115,3.0,11.0,6.0,0.0,0.3968263100930216,5.0,-3.0
5.496847227614887,5.0,8.0,3.0,2.0,0.9774030818466792,1.0,-3.0
18.762395232758628,20.0,67.0,53.0,1.0,0.02856235601245738,5.0,-3.0
21.184435976517833,22.0,22.0,10.0,3.0,0.5221511996401754,2.0,-1.0
7.598450022591815,7.0,15.0,8.0,1.0,0.5131265810968574,2.0,-4.0
6.360026674270514,7.0,17.0,11.0,3.0,0.971696134882028,1.0,-1.0
22.47802550686815,23.0,71.0,26.0,9.0,0.12185290708016905,1.0,-1.0
12.205422008106092,13.0,77.0,47.0,0.0,0.8286582251002496,4.0,-5.0
5.8453741523020515,7.0,53.0,47.0,10.0,0.6696058540132029,4.0,-5.0
5.540541741294413,6.0,27.0,21.0,2.0,0.15707324505128417,5.0,-5.0
32.51981090627861,34.0,93.0,67.0,10.0,0.04120371341091755,4.0,-2.0
8.397750092157963,9.0,61.0,16.0,5.0,0.230041781854877,1.0,-2.0
12.30612659968183,14.0,27.0,14.0,1.0,0.4906026022255707,2.0,-4.0
13.901461807702075,15.0,34.0,7.0,3.0,0.9884483570647327,2.0,-3.0
1.0827137900200463,2.0,25.0,13.0,8.0,0.05456777140028257,2.0,-5.0
11.772010550728133,11.0,40.0,7.0,4.0,0.8670288294594659,4.0,-5.0
26.579142567449182,28.0,65.0,25.0,2.0,0.1891099700850425,4.0,-2.0
8.148150290133293,9.0,57.0,45.0,10.0,0.6945453771153672,3.0,-2.0
9.349981088320703,6.0,17.0,11.0,7.0,0.7283425055799257,2.0,-3.0
35.47611154777339,37.0,76.0,30.0,6.0,0.6593294360237579,3.0,-2.0
1.519668423556411,3.0,34.0,8.0,5.0,0.253235643916056,4.0,-4.0
1.7524278456076374,3.0,15.0,9.0,1.0,0.9176887747099517,4.0,-3.0
55.047028692254564,56.0,61.0,29.0,3.0,0.7906605566205845,1.0,-1.0
40.497857434190735,41.0,91.0,61.0,1.0,0.17281337992180312,1.0,-2.0
15.946458286905242,15.0,37.0,20.0,0.0,0.562896382480114,5.0,-4.0
19.742631157468743,21.0,59.0,31.0,7.0,0.6020278529727531,5.0,-4.0
55.349491047007795,23.0,50.0,39.0,3.0,0.5198737148109597,5.0,-5.0
353.784382659876,73.0,41.0,23.0,8.0,0.8101756894211495,1.0,-4.0
11.650385982311082,13.0,64.0,51.0,2.0,0.6115842858746315,5.0,-5.0
29.043934519823303,31.0,88.0,36.0,6.0,0.5934164189805334,1.0,-4.0
3.4976385025495,4.0,46.0,38.0,4.0,0.8574515058756722,3.0,-2.0
8.05758204224514,8.0,27.0,10.0,7.0,0.15691996729691104,3.0,-1.0
19.566216565536994,20.0,37.0,26.0,6.0,0.3259433262939031,1.0,-2.0
4633.86572938462,683.0,76.0,33.0,1.0,0.6643647728938225,1.0,-2.0
6.809150599595262,8.0,18.0,7.0,2.0,0.6538682886766318,3.0,-1.0
15.01760258623949,16.0,34.0,14.0,0.0,0.9045386418575782,2.0,-5.0
1.1092898792436934,2.0,18.0,7.0,3.0,0.1742611901039819,3.0,-5.0
0.3706494614416782,2.0,40.0,39.0,3.0,0.6711381368686505,5.0,-2.0
74.26544853893454,77.0,79.0,37.0,1.0,0.260923149832323,5.0,-1.0
0.9354105544886757,1.0,8.0,7.0,6.0,0.4827376745960946,1.0,-3.0
6.2756811386347024,6.0,22.0,17.0,10.0,0.4807638712737702,2.0,-4.0
182.64983550961705,181.0,92.0,36.0,9.0,0.8613195186776409,1.0,-4.0
38.4719609173417,39.0,78.0,35.0,1.0,0.8235394244259446,2.0,-3.0
33.40218653900134,34.0,80.0,64.0,2.0,0.16340486988518788,4.0,-3.0
12.77388119664948,14.0,65.0,26.0,2.0,0.8647292795533155,4.0,-3.0
15.909524193751729,17.0,71.0,36.0,3.0,0.41796725391735257,2.0,-5.0
2.2648304209146857,8.0,45.0,44.0,7.0,0.24025569352164677,5.0,-1.0
18.139480971525693,20.0,70.0,60.0,1.0,0.42521394829044834,4.0,-2.0
151.80786900733517,72.0,98.0,97.0,1.0,0.3419054285068691,2.0,-2.0
14.870964366856398,17.0,69.0,27.0,6.0,0.5979753623465551,1.0,-5.0
14.760990982206197,16.0,44.0,27.0,2.0,0.7879210484664079,2.0,-2.0
3.7671770125998916,5.0,44.0,32.0,7.0,0.7407727309511374,5.0,-2.0
6.742126403715254,8.0,47.0,43.0,10.0,0.017566960728805925,1.0,-5.0
2.5705089262086025,3.0,17.0,9.0,1.0,0.8224448332727387,4.0,-1.0
11.066358629539966,12.0,36.0,9.0,3.0,0.07630270563158403,5.0,-1.0
1.402281206645042,1.0,4.0,3.0,2.0,0.14343813663719418,1.0,-1.0
7.288419104611502,8.0,29.0,26.0,0.0,0.2387828181754491,1.0,-5.0
27.936303822084916,29.0,60.0,28.0,8.0,0.7151543048762539,2.0,-1.0
27.149568978325068,28.0,68.0,50.0,10.0,0.3816700273222191,1.0,-3.0
4.933352403920787,6.0,53.0,40.0,3.0,0.605854158106505,5.0,-1.0
63.40010375980753,62.0,97.0,82.0,6.0,0.2573233987846739,4.0,-3.0
7.22756256318042,8.0,34.0,9.0,1.0,0.22328153751464463,2.0,-2.0
21.4398625343494,23.0,99.0,35.0,7.0,0.9981367207780824,3.0,-5.0
26.291595025203012,30.0,60.0,9.0,6.0,0.47147377329975404,2.0,-2.0
0.6692468490856835,1.0,7.0,5.0,3.0,0.0023132114159747363,2.0,-3.0
32.26705345621667,32.0,100.0,96.0,2.0,0.1811352967842308,2.0,-4.0
39.45560084835879,2.0,17.0,15.0,10.0,0.5786699840435353,3.0,-4.0
14.260787107995851,8.0,20.0,7.0,4.0,0.8445129481037957,2.0,-5.0
13.293198134146534,14.0,64.0,56.0,8.0,0.8672705123143698,1.0,-2.0
442.509064872281,121.0,56.0,49.0,1.0,0.17830552916973397,4.0,-1.0
11.596754243305593,11.0,25.0,17.0,9.0,0.6724620491250413,2.0,-2.0
11.192598620313719,12.0,88.0,55.0,10.0,0.7948376969411509,5.0,-5.0
41.228739189385195,42.0,86.0,30.0,7.0,0.14737890403464315,2.0,-1.0
5.9829427878524655,6.0,25.0,12.0,7.0,0.6858715306898935,5.0,-4.0
16.805347462549456,18.0,61.0,53.0,7.0,0.05255520479406295,2.0,-3.0
1.1720314058301844,1.0,8.0,7.0,5.0,0.40760277961172775,5.0,-2.0
0.2754914691767466,2.0,32.0,10.0,9.0,0.04626544199884475,4.0,-4.0
2.6991490507076366,3.0,11.0,10.0,4.0,0.6852435677343994,1.0,-1.0
25.030935835679884,27.0,68.0,39.0,4.0,0.594080907324188,4.0,-3.0
5.183805660721873,6.0,67.0,10.0,0.0,0.43870219089172724,2.0,-5.0
3.680674812616459,5.0,46.0,15.0,6.0,0.36497088720368853,2.0,-5.0
63.061120693522724,47.0,51.0,30.0,4.0,0.7618586081227904,2.0,-5.0
0.2820574299510759,2.0,13.0,11.0,10.0,0.0909245466971359,1.0,-4.0
8.41018202105025,10.0,30.0,9.0,3.0,0.5477631759339986,2.0,-4.0
15.251173303208846,14.0,32.0,16.0,10.0,0.40164691134390296,2.0,-2.0
37.27276561251188,39.0,83.0,45.0,10.0,0.5024388933029831,5.0,-3.0
2.6142952718397297,4.0,75.0,12.0,4.0,0.3233169829632999,1.0,-5.0
253.62548895452673,74.0,88.0,84.0,6.0,0.4487433220785991,3.0,-3.0
7.924709209116423,8.0,39.0,32.0,6.0,0.9708282920951643,1.0,-3.0
36.724281753122256,38.0,96.0,66.0,7.0,0.2322389203024423,3.0,-3.0
4.570438254245635,6.0,71.0,62.0,4.0,0.5670252266333413,5.0,-2.0
120.57002314832555,3.0,12.0,5.0,0.0,0.5620063943085759,4.0,-5.0
5.37347448868441,6.0,22.0,8.0,1.0,0.7675651024143855,4.0,-2.0
7.853162782405836,9.0,47.0,23.0,4.0,0.36865608842761055,2.0,-5.0
201.04242907950513,205.0,100.0,59.0,4.0,0.5509842626102895,2.0,-2.0
4.769456428204114,6.0,21.0,15.0,2.0,0.25486450308573194,1.0,-4.0
49.50115892437321,41.0,70.0,7.0,4.0,0.8545394951106096,2.0,-3.0
18.232989729054882,20.0,82.0,50.0,7.0,0.2641637458311181,5.0,-5.0
6.938739682492016,8.0,82.0,16.0,0.0,0.09915796297022561,4.0,-3.0
36.153560408167955,37.0,89.0,51.0,9.0,0.7563840171306299,3.0,-5.0
3.14872904272188,5.0,38.0,14.0,7.0,0.4628134661623696,1.0,-5.0
1217.8032338274588,503.0,89.0,73.0,2.0,0.33771280383003344,2.0,-1.0
83.3448469475053,83.0,81.0,65.0,9.0,0.2656185665917137,3.0,-2.0
67.48586205392179,41.0,59.0,46.0,4.0,0.5472059281719599,3.0,-5.0
31.3348971945018,32.0,87.0,53.0,0.0,0.18694215101448486,4.0,-3.0
10.592974452895769,6.0,17.0,12.0,10.0,0.4906703187171747,2.0,-1.0
5.544830318336869,6.0,33.0,20.0,5.0,0.07369436309012523,1.0,-3.0
84.5078165046029,66.0,57.0,38.0,9.0,0.276139412897937,4.0,-2.0
67.26112053320695,58.0,78.0,53.0,5.0,0.6714607186919698,3.0,-5.0
55.52338872143001,55.0,56.0,38.0,7.0,0.2883353458286485,3.0,-2.0
3.930211251761153,7.0,45.0,2.0,0.0,0.49873164309265683,3.0,-4.0
5.052805137410759,6.0,46.0,13.0,4.0,0.5364685306727157,1.0,-5.0
27.28098007897057,12.0,18.0,10.0,2.0,0.6586489193338532,2.0,-3.0
2.0501297055445304,2.0,13.0,12.0,9.0,0.4146290026833849,4.0,-2.0
11.441611985903998,13.0,50.0,9.0,0.0,0.8583411153123508,5.0,-5.0
3.8671502377748865,6.0,39.0,9.0,4.0,0.30078424988339325,5.0,-4.0
1.7128543843346016,2.0,9.0,7.0,1.0,0.881091654316208,2.0,-5.0
241.37499688486582,1.0,11.0,10.0,6.0,0.7119183250415784,2.0,-5.0
3.612401268172793,4.0,29.0,15.0,4.0,0.8125897411299774,5.0,-1.0
35.082407834656536,20.0,91.0,90.0,6.0,0.43427292488069713,1.0,-5.0
15.306965806515384,16.0,98.0,65.0,2.0,0.11052834705830339,3.0,-5.0
33.819450619375814,8.0,19.0,8.0,2.0,0.47043121689779666,3.0,-3.0
131.2256668563956,110.0,55.0,20.0,2.0,0.8777860191003406,1.0,-5.0
22.416137227832525,23.0,98.0,87.0,2.0,0.8302393031739962,1.0,-2.0
33.58083926635639,34.0,41.0,12.0,4.0,0.7158969268901969,2.0,-2.0
19.721007799219976,20.0,52.0,34.0,0.0,0.9709107530280806,1.0,-2.0
85.88461080861408,24.0,99.0,4.0,2.0,0.4970891176236788,4.0,-4.0
1.6014723478998245,3.0,85.0,81.0,9.0,0.9372126964325681,3.0,-5.0
15.686629066741396,17.0,100.0,40.0,9.0,0.2891135240255043,3.0,-4.0
0.6662188483758129,2.0,9.0,7.0,3.0,0.857430933838855,4.0,-3.0
10.30003999851894,12.0,71.0,19.0,10.0,0.30374528363420883,4.0,-3.0
21.056433921165638,22.0,28.0,23.0,6.0,0.09632290862623627,1.0,-1.0
0.7121386075711975,2.0,28.0,26.0,1.0,0.7616884069299799,4.0,-1.0
18.749790120285482,20.0,66.0,30.0,7.0,0.7300053729808346,3.0,-1.0
15.137285563080315,16.0,80.0,60.0,8.0,0.7601772638699296,3.0,-4.0
53.450763738402564,52.0,48.0,8.0,3.0,0.9496704525898527,1.0,-4.0
0.6559379338878052,3.0,84.0,83.0,10.0,0.565566810580863,5.0,-3.0
1.0294127089086356,1.0,3.0,2.0,0.0,0.9942855360820602,1.0,-4.0
5.1761901954674325,6.0,25.0,7.0,2.0,0.8096826362698628,5.0,-3.0
15.494724389752742,15.0,27.0,20.0,10.0,0.5886547616391714,1.0,-3.0
33.76727700575922,34.0,48.0,15.0,3.0,0.9924258328003138,1.0,-2.0
6.3068207360419315,6.0,26.0,8.0,5.0,0.8567566122724565,4.0,-4.0
28.971240242222173,22.0,72.0,69.0,2.0,0.21092021156227814,4.0,-4.0
6.758256229519496,7.0,23.0,8.0,0.0,0.2594660996161222,4.0,-3.0
6.553365921424279,7.0,35.0,15.0,4.0,0.10715775008387807,1.0,-2.0
0.7993395378592619,2.0,37.0,34.0,10.0,0.9506196948631869,4.0,-1.0
43.37447881541798,33.0,58.0,42.0,7.0,0.3991342347047441,4.0,-4.0
5.39387287084675,6.0,57.0,35.0,9.0,0.8683859982501738,5.0,-2.0
10.699024992630857,12.0,77.0,43.0,2.0,0.19464585124595501,1.0,-5.0
29.9353560577246,35.0,74.0,9.0,3.0,0.7599136219497096,1.0,-4.0
32.39129071109824,34.0,72.0,56.0,6.0,0.3734899848751466,3.0,-1.0
82.35883709564773,84.0,86.0,26.0,5.0,0.4321298178673856,3.0,-1.0
2.721871503676946,4.0,56.0,47.0,4.0,0.9229498277131909,4.0,-5.0
16.696613162400524,18.0,98.0,45.0,3.0,0.8348592913364236,4.0,-1.0
1.2381020116601142,2.0,49.0,13.0,9.0,0.15384968890623418,1.0,-4.0
4.1178838397798305,5.0,45.0,18.0,9.0,0.4690685657093393,1.0,-5.0
16.104771231635286,7.0,26.0,3.0,1.0,0.7142386885724077,4.0,-5.0
17.1132913774568,1.0,6.0,4.0,1.0,0.470782943562882,3.0,-3.0
29.838117465154053,31.0,74.0,56.0,4.0,0.3143156772480089,1.0,-3.0
9.08646798284306,9.0,37.0,13.0,5.0,0.830161291016989,4.0,-4.0
17.060546815511568,18.0,85.0,74.0,4.0,0.12813803050174966,2.0,-5.0
14.191381038667402,17.0,79.0,14.0,5.0,0.48083032153230787,3.0,-4.0
0.42734763708799495,2.0,93.0,6.0,5.0,0.1319969443078538,2.0,-3.0
3.757618663520575,5.0,82.0,22.0,8.0,0.05484721821755223,1.0,-4.0
6.159104927651656,6.0,12.0,6.0,3.0,0.4935418811044546,3.0,-1.0
182.58765278429001,60.0,83.0,39.0,6.0,0.4819264887319701,5.0,-5.0
21.510366596206744,23.0,67.0,36.0,10.0,0.49159508317835066,5.0,-2.0
0.21741645265861426,2.0,81.0,2.0,1.0,0.040053207670445734,5.0,-5.0
32.985646477575706,34.0,86.0,47.0,10.0,0.23478749868843207,5.0,-3.0
18.96323984059959,20.0,57.0,12.0,0.0,0.5621687044536264,5.0,-1.0
0.6147228264307107,1.0,9.0,8.0,7.0,0.5181070596846618,5.0,-2.0
909.1338255177081,126.0,84.0,33.0,6.0,0.5794424788217601,3.0,-4.0
32.69119464172854,35.0,75.0,37.0,4.0,0.49842564457261485,2.0,-4.0
6.108339817831977,7.0,38.0,33.0,9.0,0.9092765095847796,1.0,-1.0
0.303943504431879,1.0,4.0,1.0,0.0,0.07887943156879085,5.0,-4.0
73.13463795598136,74.0,84.0,18.0,3.0,0.4756112898231766,3.0,-1.0
19.086604278515498,16.0,37.0,8.0,3.0,0.5027700323732385,5.0,-2.0
35.38691917072163,36.0,93.0,71.0,10.0,0.6554246633753463,2.0,-2.0
2.0240471136877565,3.0,12.0,2.0,0.0,0.9940596457648796,5.0,-5.0
10.685600568508763,10.0,35.0,4.0,2.0,0.8168500653636515,4.0,-2.0
591.6403766274395,12.0,38.0,12.0,10.0,0.1739909357742534,5.0,-1.0
0.3170943089347557,2.0,38.0,37.0,4.0,0.8942044889418674,4.0,-4.0
11.212997581118637,12.0,11.0,5.0,1.0,0.767546655414574,1.0,-1.0
95.15835214519582,94.0,77.0,15.0,4.0,0.9419242567823479,1.0,-5.0
121.93912583699057,92.0,93.0,20.0,1.0,0.5748324209917528,4.0,-4.0
18.56280298410794,4.0,11.0,10.0,6.0,0.19612882543352295,3.0,-1.0
53.24394882947991,55.0,90.0,54.0,10.0,0.5434037530681879,1.0,-3.0
15.292021689605416,16.0,64.0,48.0,3.0,0.008184146951158655,4.0,-3.0
28.24695639055334,29.0,95.0,37.0,7.0,0.8106637132728184,3.0,-2.0
10.776203958457138,11.0,64.0,14.0,9.0,0.9599836433100681,5.0,-4.0
40.40960572378436,41.0,86.0,38.0,2.0,0.27728067772997933,2.0,-2.0
18.42807436052597,20.0,80.0,37.0,1.0,0.40929178713198444,1.0,-4.0
13.484675880577683,15.0,56.0,35.0,2.0,0.1725308516269961,5.0,-4.0
4.391155819476899,6.0,75.0,15.0,2.0,0.007900765336601556,2.0,-3.0
3.5497635515908996,4.0,34.0,25.0,4.0,0.9070760274140774,3.0,-2.0
40.201475272936605,30.0,57.0,52.0,4.0,0.2580019952213285,4.0,-3.0
42.02611539397111,33.0,80.0,8.0,3.0,0.8391525552773574,3.0,-5.0
2.1420691375851324,3.0,24.0,12.0,9.0,0.2665808300829746,3.0,-3.0
13.587390869570509,14.0,47.0,27.0,5.0,0.09521294023288429,2.0,-2.0
47.50394087308413,38.0,80.0,62.0,9.0,0.5976573257085495,4.0,-5.0
18.00378961495904,18.0,41.0,32.0,8.0,0.4444912199664637,2.0,-4.0
214.99751202673988,106.0,29.0,10.0,5.0,0.54418655783709,1.0,-1.0
7.610405216733043,3.0,12.0,8.0,7.0,0.5085320639346587,2.0,-1.0
141.89477729898616,99.0,66.0,63.0,3.0,0.5257171519579044,1.0,-2.0
0.8392987628713569,2.0,24.0,11.0,8.0,0.2375979145303424,1.0,-5.0
88.76888519379844,89.0,85.0,72.0,10.0,0.15077853650722972,1.0,-1.0
28.221938787313693,29.0,97.0,52.0,6.0,0.9189008405065946,2.0,-3.0
13.946493883547372,15.0,96.0,69.0,3.0,0.770663383017416,4.0,-5.0
28.135263234996938,29.0,41.0,35.0,10.0,0.37047845389858236,1.0,-2.0
10.611822328548635,12.0,26.0,5.0,1.0,0.77051031896066,1.0,-5.0
18.29277594312696,19.0,88.0,34.0,8.0,0.26311231565915116,3.0,-3.0
42.002022332097894,41.0,61.0,55.0,0.0,0.11508987366873735,4.0,-2.0
540.6632086358112,528.0,99.0,40.0,3.0,0.703041745186045,1.0,-2.0
8.234395239948809,9.0,77.0,35.0,9.0,0.140418750813617,2.0,-4.0
75.27650165355465,52.0,56.0,18.0,8.0,0.5734312839190561,2.0,-3.0
0.35707001602812116,2.0,8.0,6.0,5.0,0.04985720229079338,1.0,-3.0
7.326911650284058,8.0,31.0,28.0,6.0,0.7047247287254851,1.0,-1.0
8.480538902241147,9.0,24.0,14.0,2.0,0.19499852787151029,1.0,-2.0
11.406293543551989,12.0,90.0,57.0,7.0,0.9821899400536791,3.0,-3.0
11.863450511775882,15.0,91.0,14.0,10.0,0.38040428100661505,4.0,-3.0
150.23413555084383,65.0,64.0,63.0,1.0,0.09788513911671637,5.0,-1.0
7.252614254938445,8.0,38.0,21.0,0.0,0.017415392992012113,3.0,-3.0
2.017227687198885,3.0,24.0,20.0,7.0,0.4971532403426395,5.0,-1.0
40.90091587717481,41.0,54.0,9.0,2.0,0.20721367205430707,3.0,-1.0
8.880628861991267,10.0,35.0,27.0,2.0,0.046221011245076715,1.0,-3.0
17.74652749167494,6.0,21.0,19.0,8.0,0.7300267380462628,1.0,-5.0
27.129152528271987,25.0,57.0,38.0,5.0,0.42039959508662683,4.0,-5.0
6.598398459029369,8.0,22.0,5.0,0.0,0.41408012206568556,1.0,-2.0
7.514911602315949,6.0,16.0,10.0,2.0,0.5622071266274195,2.0,-5.0
2.7536706502105406,4.0,17.0,14.0,8.0,0.5223637265562809,3.0,-1.0
1.0233125818430129,3.0,27.0,25.0,9.0,0.4924061711424068,5.0,-1.0
0.802357868085235,2.0,35.0,10.0,8.0,0.126836671156212,1.0,-3.0
4.54786673969464,4.0,17.0,8.0,1.0,0.27342409088192987,5.0,-4.0
48.4838156857862,49.0,59.0,41.0,1.0,0.05832747530136717,2.0,-1.0
6.20353998287242,3.0,16.0,12.0,10.0,0.6074655226704899,3.0,-3.0
14.312634341015904,15.0,22.0,15.0,0.0,0.8296927929365644,1.0,-2.0
2.4020171938890815,4.0,37.0,18.0,10.0,0.20868324650461378,3.0,-5.0
9.159166603627805,10.0,76.0,44.0,8.0,0.7489612753509199,5.0,-1.0
13.195232956458124,14.0,62.0,16.0,4.0,0.7837296366454207,5.0,-2.0
7.929374762408143,8.0,29.0,23.0,6.0,0.2856073081500171,5.0,-5.0
3.950335407360399,5.0,35.0,27.0,10.0,0.5750206420119642,5.0,-2.0
1.0915476642038204,2.0,15.0,10.0,5.0,0.9475815010156956,5.0,-3.0
85.24146160891428,71.0,76.0,66.0,10.0,0.22384045091240024,4.0,-2.0
8.692355368319687,10.0,42.0,21.0,6.0,0.06858643703554546,2.0,-2.0
2.9438079817295555,4.0,22.0,14.0,5.0,0.21585948631245333,4.0,-5.0
15.469533545309428,15.0,52.0,49.0,9.0,0.06904539835410295,3.0,-3.0
2.571950969857458,3.0,18.0,17.0,4.0,0.538880990023516,5.0,-5.0
2.070977053461478,3.0,21.0,18.0,5.0,0.8161972058849761,2.0,-1.0
8.353540140359593,8.0,20.0,18.0,1.0,0.39298693214232394,1.0,-4.0
66.69428931823147,50.0,71.0,64.0,4.0,0.3508260853904086,4.0,-2.0
368.0939607075372,119.0,82.0,36.0,5.0,0.4165403389549106,4.0,-3.0
47.00328214219776,29.0,41.0,34.0,9.0,0.4113537081503934,3.0,-3.0
163.34467231351317,99.0,82.0,9.0,1.0,0.7411512916889922,2.0,-4.0
82.4097602636129,6.0,33.0,11.0,8.0,0.4083698337575947,5.0,-3.0
11.228212708007433,13.0,60.0,47.0,5.0,0.7894494506398381,2.0,-2.0
72.16666696320682,73.0,99.0,64.0,3.0,0.7424942253315112,1.0,-1.0
52.09947095058136,53.0,42.0,26.0,2.0,0.2696713655426074,1.0,-1.0
12.755245589494239,14.0,64.0,46.0,4.0,0.14144741149330786,1.0,-4.0
38.6405225580926,37.0,68.0,32.0,10.0,0.49145805237842344,5.0,-3.0
1.4755005304544946,3.0,47.0,15.0,10.0,0.10188656924667872,2.0,-4.0
8.11627423320715,9.0,23.0,16.0,1.0,0.021694480408817163,5.0,-2.0
20.672036559422825,19.0,40.0,31.0,1.0,0.3641091680696048,3.0,-4.0
19.93049341769506,21.0,64.0,23.0,7.0,0.6114298541510128,4.0,-1.0
35.18498234301557,37.0,63.0,50.0,0.0,0.5964898626704143,1.0,-5.0
7.8148587176604245,7.0,35.0,34.0,7.0,0.15450431062836756,5.0,-5.0
8.789644064814322,5.0,24.0,21.0,8.0,0.3151233442426855,4.0,-4.0
5.186444349465831,6.0,63.0,49.0,3.0,0.8374180617941535,4.0,-4.0
87.72285816705104,88.0,88.0,61.0,10.0,0.5697705990098946,2.0,-4.0
6.4837542910469805,8.0,24.0,15.0,4.0,0.5970211699889503,3.0,-1.0
10.177477664229814,11.0,50.0,12.0,2.0,0.9667168189122681,4.0,-4.0
11.148327169913847,12.0,83.0,51.0,9.0,0.6450642999659906,5.0,-1.0
2.488940989283719,4.0,54.0,47.0,4.0,0.6354068544372158,5.0,-1.0
44.819945013224576,38.0,76.0,74.0,10.0,0.39301607252576864,1.0,-3.0
2.705944385378578,4.0,64.0,58.0,5.0,0.53622341195805,5.0,-1.0
41.46875165305554,42.0,91.0,42.0,5.0,0.053880952222084444,1.0,-1.0
1.2357954832919806,2.0,34.0,32.0,4.0,0.9363984611585687,2.0,-4.0
8.687504184092251,10.0,42.0,8.0,0.0,0.5131895223592361,2.0,-4.0
93.81686984935433,77.0,35.0,16.0,1.0,0.8006305529871895,1.0,-3.0
27.069263673188505,20.0,35.0,14.0,9.0,0.7959646055487897,2.0,-4.0
0.22187162233630892,2.0,8.0,4.0,3.0,0.0704127333571184,2.0,-5.0
6.259134864929704,6.0,26.0,1.0,0.0,0.8323603698033,5.0,-1.0
3.2676297920996715,4.0,46.0,21.0,6.0,0.040951669731181695,5.0,-5.0
0.3557561335565488,1.0,8.0,7.0,6.0,0.9729877558872567,3.0,-4.0
12.978886107546426,14.0,50.0,29.0,0.0,0.12760029687578145,3.0,-3.0
36.874179074597336,27.0,85.0,7.0,2.0,0.7905890365486862,4.0,-5.0
14.686843185619882,16.0,95.0,68.0,3.0,0.5676760166737005,4.0,-1.0
11.875453928486703,9.0,25.0,15.0,7.0,0.2210569234072295,4.0,-2.0
3.192806097728875,4.0,29.0,9.0,1.0,0.24906118342677697,2.0,-4.0
165.18288447425826,39.0,62.0,59.0,10.0,0.2838931828440171,4.0,-2.0
33.884655950599445,32.0,58.0,52.0,10.0,0.35210018327332615,2.0,-3.0
560.0673296957372,374.0,94.0,19.0,1.0,0.8267824941835992,1.0,-4.0
9.391431702814767,10.0,94.0,11.0,5.0,0.09027994373313442,3.0,-1.0
194.93756004027165,175.0,84.0,64.0,8.0,0.22051939092278394,4.0,-1.0
4.275325676222675,5.0,53.0,24.0,8.0,0.03219938047689619,4.0,-4.0
0.30681006793110943,1.0,7.0,6.0,5.0,0.0925818183122098,4.0,-4.0
15.110977514332685,15.0,45.0,12.0,10.0,0.7959607091715223,3.0,-1.0
2.2009814414583757,4.0,34.0,7.0,1.0,0.227394339316901,5.0,-5.0
0.6714339129205289,3.0,57.0,11.0,10.0,0.358664306609479,3.0,-4.0
16.844805172345172,4.0,10.0,6.0,3.0,0.1369839250211372,5.0,-1.0
33.742073531710076,35.0,78.0,44.0,1.0,0.5451253257474558,1.0,-4.0
21.536666653756505,23.0,48.0,20.0,7.0,0.4600216686282428,4.0,-1.0
1.117130304837863,2.0,37.0,9.0,8.0,0.034949759018148674,2.0,-1.0
4.8417383434602295,6.0,63.0,27.0,5.0,0.057022177796029694,3.0,-5.0
13.790897695401554,15.0,48.0,21.0,5.0,0.16796289330265934,3.0,-2.0
13000.020924559629,348.0,82.0,66.0,5.0,0.24882692496508296,3.0,-1.0
122.17750108653443,105.0,82.0,22.0,10.0,0.4754455609803707,2.0,-2.0
5.812228865602636,7.0,49.0,37.0,0.0,0.6774354060917211,4.0,-2.0
18.622717205577178,20.0,90.0,21.0,8.0,0.9410304225565506,4.0,-1.0
163.9661009495258,103.0,88.0,42.0,6.0,0.4100682242652708,5.0,-3.0
4.483898040530592,1.0,12.0,9.0,5.0,0.38848988191068823,4.0,-4.0
5.890842295823816,7.0,72.0,60.0,6.0,0.5061766890989181,5.0,-1.0
30.24937387563351,27.0,86.0,11.0,7.0,0.6399128803144963,5.0,-2.0
10.92601070265214,12.0,65.0,39.0,2.0,0.5632737587942147,5.0,-1.0
157.09920300927175,73.0,36.0,12.0,5.0,0.3184807224439221,2.0,-1.0
8.121416062834136,8.0,29.0,13.0,10.0,0.6616832966937967,4.0,-2.0
15.870960188691452,18.0,73.0,45.0,8.0,0.26686980774884916,5.0,-5.0
6.643408737620725,6.0,29.0,14.0,6.0,0.7257877031569204,5.0,-5.0
52.85569410259809,49.0,65.0,56.0,2.0,0.49639172935281517,2.0,-4.0
14.293448512636731,15.0,47.0,36.0,10.0,0.45442640104846843,2.0,-5.0
0.3747792031802253,1.0,8.0,7.0,6.0,0.055293716267070026,3.0,-3.0
22.366383174133045,23.0,84.0,37.0,0.0,0.7626709895051114,4.0,-4.0
11.035643520132997,12.0,72.0,33.0,8.0,0.9334290348600219,4.0,-3.0
1.353679377268561,2.0,57.0,11.0,9.0,0.3806363172874109,1.0,-3.0
4.444544588053478,5.0,39.0,6.0,2.0,0.5166700464373175,2.0,-4.0
31.74923956009767,8.0,19.0,12.0,4.0,0.6782893515793306,2.0,-5.0
99.75751024879877,57.0,87.0,85.0,5.0,0.23961107329066822,3.0,-2.0
4.919146613815372,6.0,51.0,20.0,3.0,0.10882320310373861,1.0,-4.0
17.294530180521587,19.0,94.0,50.0,4.0,0.5906928331359177,5.0,-1.0
6.024707323776144,7.0,43.0,21.0,8.0,0.3552773541235712,3.0,-5.0
6.485390941076742,8.0,32.0,19.0,0.0,0.6255631525938833,5.0,-3.0
26.021921016462688,27.0,84.0,50.0,8.0,0.0771952387878756,3.0,-2.0
6.324662137968513,7.0,73.0,50.0,6.0,0.8052225557275294,5.0,-2.0
34.342173284893455,35.0,86.0,25.0,1.0,0.6418046325010113,5.0,-4.0
1.3977367592751107,2.0,45.0,41.0,3.0,0.7861769194704779,5.0,-5.0
11.524801915105046,13.0,93.0,28.0,10.0,0.359537757512166,1.0,-3.0
2.0626428265155923,3.0,15.0,7.0,1.0,0.13638881615438503,4.0,-4.0
31.439911952747767,33.0,87.0,54.0,8.0,0.5073783153773768,1.0,-4.0
30.22712539741327,32.0,88.0,26.0,3.0,0.7563922271174095,4.0,-4.0
5.870037873009529,7.0,83.0,62.0,8.0,0.7629149491680491,5.0,-1.0
8.070409521869715,9.0,53.0,15.0,0.0,0.9635698844808487,5.0,-3.0
11.081761477360606,12.0,90.0,50.0,5.0,0.9349224110522752,4.0,-2.0
401.76995890086675,89.0,70.0,13.0,3.0,0.5236453716599155,3.0,-3.0
4.483266737717947,5.0,75.0,56.0,1.0,0.8729968611262874,5.0,-1.0
7.746293824225551,9.0,40.0,11.0,4.0,0.9487451588605168,4.0,-1.0
395.48647990253403,31.0,66.0,63.0,7.0,0.26548603416451955,5.0,-2.0
6.274144507624847,7.0,51.0,47.0,4.0,0.5458457056118103,2.0,-1.0
41.556582163726965,42.0,45.0,20.0,3.0,0.8671964720414493,1.0,-2.0
4.500969666758904,3.0,15.0,14.0,9.0,0.4722820652999178,1.0,-3.0
23.03897232829792,24.0,60.0,38.0,8.0,0.11630976436716534,4.0,-2.0
34.75463125181198,35.0,60.0,8.0,1.0,0.3992939969743594,1.0,-1.0
7.64668549646591,9.0,56.0,45.0,10.0,0.9064219611901109,2.0,-4.0
5.501884468705569,6.0,25.0,21.0,10.0,0.16678083777272368,3.0,-3.0
63.774577493478056,62.0,68.0,67.0,6.0,0.008701202273780018,4.0,-1.0
135.2615769258262,95.0,46.0,18.0,7.0,0.3017515776401055,3.0,-1.0
3.1880839402187835,4.0,37.0,23.0,6.0,0.9323724867182639,5.0,-4.0
137.34881663749744,33.0,59.0,9.0,2.0,0.4212906960214039,4.0,-3.0
6.638204807160408,7.0,56.0,25.0,2.0,0.05946753731452825,5.0,-4.0
60.95820900533659,61.0,88.0,60.0,9.0,0.7296655401862999,1.0,-1.0
170.57783579616984,12.0,60.0,8.0,7.0,0.4131057713017716,5.0,-3.0
2.2234161774341947,3.0,15.0,9.0,4.0,0.18780205762355728,1.0,-3.0
1.3324539516907274,2.0,22.0,8.0,5.0,0.18712876602727013,1.0,-3.0
5.259824404760892,3.0,5.0,4.0,0.0,0.1983534025424517,5.0,-1.0
1.78439177734723,3.0,41.0,34.0,4.0,0.9871508870104155,4.0,-2.0
9.518708380950253,4.0,12.0,4.0,3.0,0.7680900323831826,2.0,-3.0
6.222460797577722,7.0,77.0,16.0,3.0,0.3821588782026353,1.0,-4.0
63.73317092037262,61.0,79.0,36.0,2.0,0.4333157296486959,4.0,-4.0
2.339853724491402,3.0,18.0,16.0,10.0,0.5709508572323021,3.0,-2.0
7.972401610725377,9.0,44.0,9.0,6.0,0.8983575194563297,5.0,-1.0
3.179662108482158,4.0,82.0,67.0,8.0,0.9686091543425871,5.0,-4.0
53.947446287735524,54.0,86.0,20.0,1.0,0.8058532170734304,2.0,-2.0
4.2530998013967825,6.0,39.0,18.0,7.0,0.9895958626499228,5.0,-1.0
19.278462058871575,21.0,82.0,24.0,0.0,0.6258479028158467,1.0,-5.0
7.190291948320989,8.0,51.0,35.0,9.0,0.8450445159945466,3.0,-2.0
0.5062393228310523,1.0,4.0,3.0,2.0,0.9917834345013474,2.0,-1.0
11.852833514692595,13.0,89.0,24.0,7.0,0.3131487592578255,2.0,-3.0
11.659284959367461,13.0,80.0,57.0,2.0,0.8532395312914601,3.0,-4.0
1.556352192489921,2.0,49.0,8.0,3.0,0.2978932591942467,1.0,-5.0
18.151989028671355,19.0,49.0,8.0,5.0,0.851741128041008,3.0,-2.0
2.7812579191500566,1.0,14.0,12.0,9.0,0.41733591226864764,3.0,-4.0
6.112170666469763,7.0,83.0,34.0,10.0,0.012234678708074487,2.0,-4.0
346.96756867699065,156.0,80.0,77.0,2.0,0.5946138229518302,1.0,-2.0
32.90060603485833,34.0,36.0,10.0,0.0,0.44756474981382477,3.0,-1.0
13.665242372810502,15.0,39.0,14.0,0.0,0.9756369932454334,2.0,-5.0
17.10251100693491,18.0,65.0,33.0,5.0,0.9785117127637407,2.0,-4.0
24.330996623153045,26.0,67.0,13.0,1.0,0.6267004884154543,1.0,-3.0
54.08328199623004,56.0,90.0,48.0,2.0,0.682368584285377,3.0,-4.0
2.801261032537892,4.0,57.0,18.0,10.0,0.036035832873441254,1.0,-3.0
23.133276024566623,24.0,95.0,58.0,1.0,0.13400423766754588,1.0,-3.0
232.92484066053757,170.0,47.0,33.0,6.0,0.29469425999758503,2.0,-1.0
5.797533067985082,7.0,31.0,14.0,6.0,0.5240205478368964,1.0,-4.0
55.90275162116106,58.0,83.0,60.0,9.0,0.6812835727490535,1.0,-5.0
14.290732734409874,16.0,60.0,13.0,2.0,0.27878379992446345,5.0,-3.0
1.580759512021263,2.0,70.0,65.0,10.0,0.6938394130560137,5.0,-1.0
14.139951084591013,15.0,87.0,74.0,8.0,0.9731269441746685,1.0,-2.0
143.7036571670873,61.0,76.0,25.0,10.0,0.4193621277681726,5.0,-3.0
15.131344510273513,16.0,64.0,33.0,4.0,0.013908094548259475,4.0,-2.0
130.93367829021324,114.0,83.0,63.0,7.0,0.2620504254122247,4.0,-2.0
0.35238011458031915,1.0,8.0,7.0,6.0,0.9675689169866972,3.0,-2.0
6.333586702183037,7.0,96.0,12.0,0.0,0.18422315916025156,3.0,-3.0
0.5198455383080132,2.0,14.0,12.0,10.0,0.9694593307502745,4.0,-1.0
2.0610804110018313,3.0,13.0,7.0,3.0,0.9888868216866157,3.0,-5.0
1.8683778926634826,2.0,24.0,23.0,6.0,0.9070447262223212,1.0,-4.0
124.82963383378932,60.0,86.0,38.0,9.0,0.5384524079145437,5.0,-5.0
6.925852118067169,8.0,40.0,22.0,3.0,0.91979163554602,3.0,-2.0
40.376017283761044,41.0,99.0,78.0,4.0,0.3612048068042846,2.0,-4.0
34.289627376524855,35.0,84.0,44.0,8.0,0.5277555880129149,4.0,-2.0
12.970628733289029,14.0,41.0,15.0,5.0,0.8340881481104969,3.0,-3.0
26.697404534909662,28.0,83.0,39.0,2.0,0.441350047358008,5.0,-1.0
1.3611670952933266,2.0,14.0,8.0,6.0,0.07581038287808373,5.0,-2.0
2.0301748399727595,3.0,63.0,60.0,8.0,0.5796175400702807,4.0,-2.0
10.518300495233246,12.0,37.0,26.0,1.0,0.32463803422749393,1.0,-4.0
210.54931657273437,68.0,58.0,38.0,10.0,0.34916493700506424,4.0,-2.0
25.124181835310115,26.0,85.0,55.0,9.0,0.2922736519189799,1.0,-3.0
17.848810339127404,9.0,26.0,19.0,3.0,0.6740228751034383,3.0,-5.0
3.509849430277818,4.0,8.0,5.0,0.0,0.1150874931062652,3.0,-2.0
40.336573765390185,40.0,81.0,65.0,8.0,0.7327770577518593,2.0,-4.0
8.844810021333302,8.0,28.0,21.0,4.0,0.47392807170414486,5.0,-3.0
73.01915855672839,62.0,58.0,49.0,7.0,0.28496169818946815,3.0,-2.0
2.5846986453189698,4.0,14.0,9.0,4.0,0.5868922985706881,4.0,-1.0
13.544918396481062,15.0,70.0,61.0,2.0,0.09201755571481063,2.0,-5.0
35.97451465117866,37.0,89.0,17.0,1.0,0.6002833711483638,4.0,-1.0
68.19545961324802,64.0,86.0,56.0,5.0,0.554988998113175,4.0,-4.0
4.722408864308655,5.0,77.0,13.0,10.0,0.1823654954282331,1.0,-1.0
42.30411867367211,45.0,64.0,30.0,6.0,0.686535870489904,1.0,-4.0
187.47725213080182,6.0,34.0,10.0,7.0,0.5128015531096303,5.0,-5.0
88.62135173336392,27.0,52.0,49.0,7.0,0.2180105113682086,5.0,-2.0
4.1128643153218105,5.0,56.0,22.0,4.0,0.08906971534085961,2.0,-5.0
4.161985216624546,5.0,31.0,28.0,9.0,0.46510123306111417,5.0,-3.0
4.996214666343671,6.0,79.0,24.0,2.0,0.06629626473462347,4.0,-5.0
15.313952113198917,16.0,79.0,11.0,2.0,0.9440395235491926,5.0,-5.0
49.00025713464682,47.0,78.0,15.0,10.0,0.45714150775529017,4.0,-1.0
0.9998453979271208,2.0,9.0,7.0,5.0,0.500051541992792,5.0,-1.0
30.88615448743625,33.0,86.0,40.0,6.0,0.4141690181514347,3.0,-4.0
85.26193818163064,87.0,84.0,30.0,5.0,0.4083355983679541,3.0,-1.0
67.03729512206802,68.0,96.0,40.0,3.0,0.4826894744056185,1.0,-2.0
22.930379829743934,24.0,86.0,29.0,9.0,0.3759315494917187,1.0,-2.0
4.736827506515607,6.0,93.0,11.0,4.0,0.13055441693985315,2.0,-2.0
6.997040883023243,8.0,36.0,32.0,8.0,0.11399571901228589,1.0,-4.0
3.0995592067522426,4.0,37.0,15.0,6.0,0.12181792457621687,5.0,-4.0
14.486166253811366,16.0,93.0,53.0,2.0,0.9602091781814696,3.0,-3.0
55.54067171212882,19.0,10.0,8.0,0.0,0.42798070536971033,1.0,-1.0
8.920496935157379,10.0,57.0,32.0,8.0,0.7605068906300552,4.0,-1.0
3.103398751542107,5.0,92.0,90.0,6.0,0.5288909457095181,3.0,-2.0
14.828801924154604,16.0,66.0,43.0,4.0,0.0462478846953156,5.0,-3.0
4.012010188945649,5.0,28.0,18.0,6.0,0.6985032205328464,4.0,-1.0
8.087079582465568,9.0,48.0,24.0,8.0,0.9919241938720647,3.0,-1.0
22.270862762768544,24.0,97.0,58.0,0.0,0.0659500590687947,3.0,-3.0
126.01507413117125,104.0,48.0,43.0,3.0,0.22752588588895506,2.0,-1.0
8.932171749488464,10.0,55.0,39.0,3.0,0.754586410272337,4.0,-5.0
11.425025169043026,12.0,66.0,24.0,5.0,0.8345175872544486,5.0,-3.0
96.57691174734738,95.0,69.0,56.0,10.0,0.10473913657471356,4.0,-1.0
126.52180686224779,109.0,91.0,20.0,0.0,0.3069874138748597,4.0,-2.0
635.3918642251714,6.0,16.0,14.0,8.0,0.2476392521143953,3.0,-1.0
15.337650495124509,16.0,64.0,35.0,4.0,0.9635906644506046,2.0,-1.0
150.05530992268427,31.0,65.0,10.0,2.0,0.4851701682742766,5.0,-4.0
59.4390752706635,60.0,57.0,18.0,9.0,0.9140335075134012,1.0,-3.0
109.17205218419262,21.0,38.0,23.0,6.0,0.4805353113962285,4.0,-4.0
3.095595566887128,4.0,24.0,15.0,6.0,0.7384195668303268,5.0,-3.0
2.879854362909712,4.0,29.0,15.0,9.0,0.9826696177899276,5.0,-3.0
37.6163521853536,39.0,98.0,69.0,3.0,0.4636348435656512,2.0,-5.0
4.908400445252097,5.0,9.0,6.0,3.0,0.8703990253350189,1.0,-2.0
40.44306724426328,42.0,100.0,19.0,1.0,0.6005630903847412,4.0,-1.0
7.365746062206986,8.0,55.0,44.0,8.0,0.6233498245493441,3.0,-1.0
2.7600603299041593,4.0,85.0,6.0,2.0,0.3876890790518611,1.0,-3.0
88.77452186554044,89.0,98.0,84.0,3.0,0.21751520977452488,3.0,-2.0
72.99981235942127,72.0,81.0,27.0,4.0,0.8199611326868428,2.0,-5.0
23.424792008093355,19.0,34.0,16.0,10.0,0.753683328276989,2.0,-3.0
7.09208848626664,8.0,91.0,21.0,6.0,0.11062089592779145,5.0,-3.0
22.60430176712276,23.0,60.0,17.0,0.0,0.8627865972315839,3.0,-5.0
11.325472929207463,10.0,27.0,26.0,10.0,0.5441482667545424,1.0,-1.0
25.860223943263268,11.0,27.0,16.0,1.0,0.37999540214986516,5.0,-4.0
3.0921663422480443,4.0,42.0,34.0,4.0,0.8430203263681941,4.0,-5.0
6.385362827478754,7.0,38.0,26.0,8.0,0.7198245160149409,3.0,-1.0
10.118634306642097,11.0,38.0,21.0,5.0,0.8933562074623984,2.0,-1.0
4.7836583948240685,5.0,61.0,23.0,3.0,0.08190994529124285,5.0,-5.0
10.206976795059253,12.0,44.0,39.0,4.0,0.4966203379117533,2.0,-1.0
0.3652322462939035,2.0,5.0,4.0,0.0,0.9475967744618568,3.0,-2.0
8.526595012640106,9.0,45.0,39.0,1.0,0.07762226064168232,2.0,-5.0
31.401776134807644,33.0,87.0,46.0,6.0,0.5323123860970692,2.0,-5.0
55.792531777693476,51.0,77.0,33.0,7.0,0.44174847606934753,4.0,-4.0
61.01572519638108,61.0,62.0,46.0,10.0,0.10249704119662251,3.0,-1.0
9.897011317775153,11.0,55.0,42.0,2.0,0.6162182643194494,4.0,-3.0
72.82005018522277,64.0,91.0,79.0,7.0,0.43018018915539435,3.0,-4.0
75.09210761574155,6.0,27.0,8.0,7.0,0.531627824486606,4.0,-4.0
16.779701727636823,17.0,37.0,16.0,5.0,0.17222301747227808,1.0,-1.0
40.334696774119884,41.0,86.0,60.0,5.0,0.4091024329003393,1.0,-3.0
24.404567527856695,11.0,49.0,10.0,9.0,0.5140087869411172,5.0,-2.0
38.6471765610009,40.0,60.0,45.0,6.0,0.24771766355012892,2.0,-2.0
1.40500280550007,2.0,27.0,24.0,4.0,0.7928030059011746,4.0,-5.0
1.7584468708520964,3.0,63.0,9.0,1.0,0.05005897011811378,4.0,-5.0
221.76125792902425,4.0,21.0,7.0,6.0,0.33258177434497294,4.0,-2.0
14.34717357611633,16.0,65.0,39.0,10.0,0.5624407255137984,4.0,-1.0
1.9672071730974474,3.0,12.0,6.0,4.0,0.5690471803775561,2.0,-5.0
33.175114424278405,24.0,70.0,63.0,10.0,0.3780463294056301,4.0,-5.0
7.421035770144537,8.0,54.0,17.0,2.0,0.1223398514607239,5.0,-3.0
9.224478119325754,10.0,44.0,28.0,10.0,0.26216752408222743,1.0,-3.0
3.207798914436783,11.0,63.0,62.0,1.0,0.21862337315365343,5.0,-1.0
6.203603636546852,7.0,32.0,18.0,5.0,0.5427921366414297,5.0,-1.0
14.471897285122758,16.0,68.0,27.0,6.0,0.3872279393250636,1.0,-3.0
1.3328219469981566,2.0,45.0,43.0,9.0,0.6251438825914618,3.0,-1.0
9.720796213081265,11.0,55.0,32.0,5.0,0.17463567786371048,3.0,-4.0
8.693179787395039,10.0,46.0,26.0,0.0,0.28702137544489514,2.0,-5.0
4.679523171841854,5.0,25.0,18.0,3.0,0.15890904055098332,1.0,-4.0
7.002105351161898,6.0,28.0,26.0,7.0,0.14294782232338443,5.0,-4.0
4.023291891178445,5.0,22.0,6.0,4.0,0.9966918502405575,4.0,-3.0
1.1079312429900716,2.0,15.0,13.0,2.0,0.5610332342650477,4.0,-1.0
20.999478570495157,10.0,46.0,6.0,5.0,0.6131011501411819,5.0,-3.0
106.1795035681589,59.0,36.0,32.0,9.0,0.26112856302429466,2.0,-1.0
9.657677734842478,11.0,44.0,34.0,2.0,0.8070891217237972,2.0,-3.0
4.6544396977653735,5.0,46.0,26.0,0.0,0.921885848033608,5.0,-4.0
23.60569040504034,25.0,77.0,47.0,8.0,0.4782651414564211,2.0,-5.0
46.88867994842136,24.0,94.0,2.0,1.0,0.5660134358996736,5.0,-2.0
7.523864711354278,9.0,40.0,15.0,6.0,0.887126739583547,4.0,-2.0
7.516493334341088,4.0,9.0,6.0,2.0,0.4935673904818104,2.0,-3.0
1.7691213863939752,2.0,21.0,16.0,9.0,0.7282827112976946,5.0,-3.0
82.47390396800577,83.0,87.0,75.0,1.0,0.36758216260056054,1.0,-2.0
1.587671214537926,2.0,41.0,37.0,5.0,0.7038826632835509,4.0,-1.0
15.688074664165145,17.0,78.0,21.0,2.0,0.9476190056114039,4.0,-3.0
118.66094262041953,121.0,93.0,63.0,5.0,0.4176070613112802,2.0,-1.0
15.452067727572649,16.0,80.0,28.0,4.0,0.14893660354218197,1.0,-2.0
10.693954654503788,11.0,62.0,10.0,9.0,0.4532446119182464,1.0,-1.0
2.662721040187528,5.0,40.0,38.0,7.0,0.35022227036288756,4.0,-1.0
20.360345094437207,20.0,35.0,9.0,1.0,0.7128320179856517,3.0,-3.0
6.587793154720504,7.0,52.0,9.0,3.0,0.01784491834869828,4.0,-1.0
18.1296652733702,19.0,100.0,58.0,6.0,0.3552954580617629,1.0,-5.0
6.141716253294175,7.0,79.0,65.0,7.0,0.8970704470081017,3.0,-4.0
59.474102673825364,18.0,31.0,29.0,3.0,0.7125669868695887,1.0,-4.0
24.76579294528125,13.0,21.0,14.0,4.0,0.4565295851052792,3.0,-2.0
12.184499439124242,13.0,68.0,20.0,6.0,0.9924289282441995,4.0,-4.0
7.196443012738674,8.0,36.0,10.0,1.0,0.10705459460877731,5.0,-2.0
15.779754658122272,17.0,77.0,18.0,0.0,0.28643261803957754,1.0,-2.0
2.5604278451523963,3.0,41.0,37.0,5.0,0.5937064846130511,4.0,-2.0
2.905458249150718,1.0,10.0,9.0,8.0,0.16395505336444727,3.0,-1.0
12.806555004958238,13.0,41.0,40.0,8.0,0.5390425059515551,1.0,-1.0
139.22133654281447,140.0,64.0,10.0,0.0,0.6939357908095987,1.0,-1.0
88.34233457801278,29.0,54.0,39.0,7.0,0.5153080844813591,4.0,-5.0
167.70462932256123,159.0,70.0,13.0,5.0,0.77996109435629,1.0,-2.0
29.597581156229797,30.0,59.0,17.0,0.0,0.8023793598972855,3.0,-5.0
3.410606070494978,5.0,19.0,14.0,7.0,0.23689471494841263,1.0,-3.0
2.9530884073758306,4.0,26.0,10.0,4.0,0.19364575845315024,2.0,-3.0
4.549069657639167,6.0,46.0,29.0,7.0,0.8195754070741607,5.0,-2.0
115.64188238325325,116.0,85.0,28.0,1.0,0.4985802009190651,3.0,-2.0
1.6272474074512477,3.0,83.0,75.0,9.0,0.9916277612960143,5.0,-5.0
23.83801072703068,26.0,93.0,72.0,10.0,0.4115637130995249,5.0,-2.0
14.499101803649753,16.0,83.0,58.0,1.0,0.4540407897739216,5.0,-1.0
9.438624694294338,11.0,84.0,59.0,3.0,0.941448495053037,3.0,-3.0
0.9672752088586967,2.0,31.0,6.0,4.0,0.27604801882306784,3.0,-4.0
21.878142962127452,23.0,69.0,39.0,1.0,0.7673187936075355,3.0,-4.0
22.672400329587198,12.0,31.0,12.0,6.0,0.7297529139162497,3.0,-5.0
26.460753705463375,27.0,59.0,13.0,8.0,0.9564039414247822,2.0,-4.0
12.238422769254242,13.0,67.0,52.0,6.0,0.17733510428247723,2.0,-5.0
8.954246576053544,10.0,34.0,18.0,3.0,0.5409802387233307,5.0,-2.0
11.291140785477669,12.0,85.0,46.0,7.0,0.8067544252277928,5.0,-3.0
11.20202545231699,12.0,49.0,10.0,5.0,0.783073320930207,5.0,-2.0
10.006491341907019,11.0,80.0,46.0,0.0,0.9139706250711271,4.0,-3.0
17.63044236097696,17.0,55.0,49.0,8.0,0.2392109936038087,3.0,-4.0
9.151701771988796,10.0,41.0,29.0,9.0,0.3024356835793591,2.0,-4.0
13.056931667222795,14.0,40.0,20.0,9.0,0.9063506880442148,2.0,-3.0
35.137578138297044,32.0,27.0,23.0,6.0,0.17206249547526054,2.0,-1.0
145.21368321377463,145.0,57.0,45.0,8.0,0.37260153733057344,1.0,-1.0
2.8949678319933905,4.0,55.0,47.0,6.0,0.823345121814923,4.0,-3.0
26.67090621093261,25.0,76.0,4.0,0.0,0.6713672591966076,5.0,-2.0
2.8734767942602026,4.0,18.0,11.0,6.0,0.7393455443931528,4.0,-2.0
9.012078107744838,10.0,45.0,20.0,9.0,0.7526727736452976,5.0,-4.0
20.00368545012217,17.0,22.0,17.0,1.0,0.6400294781689613,1.0,-4.0
6.119524612761962,7.0,97.0,73.0,8.0,0.9913192521514426,4.0,-5.0
84.38093129830027,62.0,46.0,43.0,3.0,0.5086530831687809,1.0,-2.0
4.299328340446453,4.0,17.0,10.0,4.0,0.5785201619211846,5.0,-3.0
46.70123969361146,34.0,29.0,11.0,5.0,0.34635718515231584,3.0,-1.0
20.86471603083817,21.0,33.0,16.0,1.0,0.09369431823195495,2.0,-1.0
98.37051617253341,97.0,60.0,44.0,9.0,0.6610505836458838,1.0,-3.0
13.012704565500451,14.0,62.0,45.0,3.0,0.15447700685757115,1.0,-4.0
8.696598486529778,9.0,79.0,73.0,10.0,0.6724812295661758,2.0,-2.0
1.041593079166248,1.0,9.0,8.0,7.0,0.7450084778789595,3.0,-5.0
0.3900763181295601,2.0,84.0,83.0,10.0,0.7563600899421583,5.0,-5.0
80.83421250235894,56.0,57.0,4.0,1.0,0.32096233386363704,2.0,-1.0
4.595045518904532,7.0,51.0,4.0,2.0,0.6411871497370496,1.0,-3.0
3.8600954468503152,5.0,46.0,35.0,0.0,0.8356672097679259,4.0,-3.0
3.67268697582373,5.0,76.0,20.0,10.0,0.04619964139664856,3.0,-3.0
18.02733149263053,19.0,46.0,35.0,9.0,0.42629091637302086,2.0,-4.0
3.970611561453618,5.0,27.0,16.0,1.0,0.037040735923452806,2.0,-4.0
15.696530946005447,17.0,82.0,48.0,8.0,0.24194437040901862,2.0,-4.0
29.97590913172588,30.0,67.0,8.0,5.0,0.7420618065388017,3.0,-1.0
28.340851774599123,29.0,65.0,43.0,8.0,0.9440661502957879,1.0,-3.0
1.0565685354930334,2.0,23.0,19.0,8.0,0.8785840544772094,5.0,-5.0
27.912031181071974,28.0,72.0,35.0,10.0,0.0521644441097987,1.0,-1.0
4.76630355858448,3.0,9.0,8.0,4.0,0.38692507720539593,1.0,-2.0
55.826893899491225,56.0,84.0,48.0,8.0,0.8816168306790937,1.0,-2.0
12.521458595982784,13.0,55.0,44.0,2.0,0.9696229759432557,1.0,-3.0
15.85408973277708,11.0,36.0,10.0,4.0,0.6266617106250653,5.0,-4.0
0.5920228935839977,2.0,33.0,3.0,1.0,0.20271903298106264,3.0,-5.0
25.95620078959925,28.0,76.0,37.0,10.0,0.41708852357434534,5.0,-1.0
47.2895235434705,48.0,41.0,7.0,0.0,0.572991771061412,2.0,-1.0
429.91906720795214,17.0,36.0,12.0,9.0,0.1759707434222696,5.0,-1.0
10.060828466938013,11.0,71.0,32.0,8.0,0.9845525411769289,4.0,-4.0
1.0461800309242641,2.0,10.0,8.0,4.0,0.7279292141126678,3.0,-1.0
10.99149324704814,13.0,82.0,65.0,2.0,0.42444177234616565,5.0,-1.0
